
Ты финансовый аналитик, эксперт в краткосрочных прогнозах (1-3 месяца). Используй предоставленные данные акции (тикер: VTBR) за последний год (таймфрейм: weekly), финансовые показатели МСФО и макроэкономические данные России для прогнозирования цены акции.

**Данные:**
- **Исторические данные и индикаторы (последние 50 недель):**  
      date   close        volume     SMA_50    SMA_100    SMA_200     EMA_50    EMA_100    EMA_200       MACD  MACD_signal  MACD_histogram  ADX    RSI_21   Stoch_K   Stoch_D  Stoch_Slow            OBV       VWAP
2024-05-13 115.375  300087070000 115.250000 115.250000 115.250000 115.006699 114.991170 114.983167   0.032753     0.009425        0.023329  0.0 94.444444 27.906977 19.947875   13.121492  -150509710000 115.264265
2024-05-20 110.050  499862080000 113.950000 113.950000 113.950000 114.812319 114.893325 114.934081  -0.179308    -0.028322       -0.150986  0.0  7.359307  0.589971 15.108399   13.618218  -650371790000 112.967039
2024-05-27  98.825 1127948570000 110.925000 110.925000 110.925000 114.185365 114.575140 114.773791  -0.840916    -0.190841       -0.650076  0.0  2.500000  6.317044 13.350128   13.564600 -1778320360000 105.916780
2024-06-03 102.000  859065260000 109.437500 109.437500 109.437500 113.707508 114.326128 114.646689  -1.289900    -0.410653       -0.879247  0.0 17.843866 31.780538 19.016580   16.678261  -919255100000 104.838883
2024-06-10 100.600  589172020000 108.175000 108.175000 108.175000 113.193488 114.054323 114.506921  -1.742652    -0.677053       -1.065600  0.0 16.685979 29.347826 19.188471   17.322291 -1508427120000 104.165862
2024-06-17  97.300  671556490000 106.815625 106.815625 106.815625 112.570214 113.722554 114.335708  -2.277678    -0.997178       -1.280500  0.0 14.472362 16.304348 16.867945   16.706305 -2179983610000 103.113725
2024-06-24 105.700 1131705660000 106.691667 106.691667 106.691667 112.300794 113.563692 114.249780  -2.389432    -1.275628       -1.113803  0.0 36.063110 49.505929 26.651137   19.014852 -1048277950000 103.644534
2024-07-01 101.350  587138050000 106.157500 106.157500 106.157500 111.871351 113.321837 114.121424  -2.665001    -1.553503       -1.111498  0.0 31.893688 32.312253 31.850179   22.714863 -1635416000000 103.423723
2024-07-08  99.650   87537340000 105.565909 105.565909 105.565909 111.392082 113.051107 113.977430  -2.972762    -1.837355       -1.135407  0.0 30.514940 25.592885 30.612648   25.034076 -1722953340000 103.370345
2024-07-15  96.330     233490735 104.796250 104.796250 104.796250 110.801412 112.719996 113.801834  -3.376560    -2.145196       -1.231364  0.0 28.139289 17.446412 28.232365   26.842855 -1723186830735 103.370079
2024-07-22  96.730     137497731 104.175769 104.175769 104.175769 110.249592 112.403363 113.631965  -3.706937    -2.457544       -1.249393  0.0 28.807062 18.937558 28.759007   29.221067 -1723049333004 103.369932
2024-07-29  97.690     222669188 103.712500 103.712500 103.712500 109.757059 112.112009 113.473338  -3.947649    -2.755565       -1.192084  0.0 30.360186 22.516309 23.361084   28.563057 -1722826663816 103.369727
2024-08-05  97.090     162278985 103.271000 103.271000 103.271000 109.260312 111.814543 113.310320  -4.174189    -3.039290       -1.134899  0.0 29.951799 20.279590 20.954551   26.383931 -1722988942801 103.369563
2024-08-12  97.850     148148901 102.932187 102.932187 102.932187 108.812849 111.538018 113.156486  -4.330018    -3.297436       -1.032583  0.0 31.125317 23.112768 20.458527   24.353107 -1722840793900 103.369431
2024-08-19  96.470     177915882 102.552059 102.552059 102.552059 108.328815 111.239641 112.990451  -4.513224    -3.540593       -0.972631  0.0 30.206439 17.968313 20.562908   22.819215 -1723018709782 103.369232
2024-08-26  91.480     136597418 101.936944 101.936944 101.936944 107.668077 110.848361 112.776417  -4.872687    -3.807012       -1.065675  0.0 27.292935  1.747043 17.124805   20.492375 -1723155307200 103.368970
2024-09-02  87.300     209764326 101.166579 101.166579 101.166579 106.869329 110.382057 112.522920  -5.352867    -4.116183       -1.236684  0.0 25.252616  9.203437 14.462230   18.712604 -1723365071526 103.368425
2024-09-09  87.140     160082701 100.465250 100.465250 100.465250 106.095630 109.921818 112.270354  -5.768565    -4.446660       -1.321906  0.0 25.180562  9.606231 12.327558   16.987206 -1723525154227 103.368006
2024-09-16  89.350     114837558  99.935952  99.935952  99.935952 105.438939 109.514455 112.042291  -6.025757    -4.762479       -1.263278  0.0 28.017500 15.981538 10.901312   15.075763 -1723410316669 103.367746
2024-09-23  90.570     163241637  99.510227  99.510227  99.510227 104.855843 109.139318 111.828636  -6.183692    -5.046722       -1.136970  0.0 29.493320 20.382934 11.384236   13.240028 -1723247075032 103.367408
2024-09-30  86.630     135800589  98.950217  98.950217  98.950217 104.141104 108.693589 111.577903  -6.471362    -5.331650       -1.139712  0.0 27.173913  8.502940 12.735416   12.362151 -1723382875621 103.367041
2024-10-07  85.610     151065176  98.394375  98.394375  98.394375 103.414394 108.236488 111.319516  -6.749604    -5.615241       -1.134364  0.0 26.751543  5.523167 11.999362   11.869577 -1723533940797 103.366608
2024-10-14  84.840     116074483  97.852200  97.852200  97.852200 102.685987 107.773191 111.056038  -7.008095    -5.893811       -1.114283  0.0 28.800875  3.605811 10.799278   11.563921 -1723650015280 103.366260
2024-10-21  79.890     134836229  97.161346  97.161346  97.161346 101.792026 107.221049 110.745928  -7.424983    -6.200046       -1.224937  0.0 32.198928  0.755235  7.754017   10.934462 -1723784851509 103.365749
2024-10-28  77.120     169985176  96.419074  96.419074  96.419074 100.824496 106.624988 110.411342  -7.888704    -6.537777       -1.350927  0.0 26.430466  7.557631  5.188957    9.695406 -1723954836685 103.365029
2024-11-04  80.200     142021982  95.839821  95.839821  95.839821 100.015692 106.101721 110.110732  -8.145240    -6.859270       -1.285970  0.0 31.270657 16.545083  6.797385    8.507800 -1723812814703 103.364497
2024-11-11  80.590     129600125  95.313966  95.313966  95.313966  99.253900 105.596539 109.816993  -8.331274    -7.153671       -1.177603  0.0 33.792435 17.683105  9.229373    7.953802 -1723683214578 103.364020
2024-11-18  74.050     124589055  94.605167  94.605167  94.605167  98.265512 104.971855 109.461103  -8.747223    -7.472381       -1.274842  0.0 18.152546  0.813376  8.670886    7.528124 -1723807803633 103.363431
2024-11-25  69.500     297365073  93.795323  93.795323  93.795323  97.137453 104.269442 109.063480  -9.281351    -7.834175       -1.447176  0.0 18.079776 10.301237 10.580086    8.093337 -1724105168706 103.361804
2024-12-02  67.520     206288804  92.974219  92.974219  92.974219  95.975984 103.541730 108.650112  -9.809870    -8.229314       -1.580556  0.0 17.978872  8.541114 10.776783    9.210903 -1724311457510 103.360610
2024-12-09  66.380     102189151  92.168333  92.168333  92.168333  94.815357 102.805854 108.229514 -10.296325    -8.642716       -1.653608  0.0 18.795582  5.517241  8.571215    9.565669 -1724413646661 103.360000
2024-12-16  72.880     152860972  91.601029  91.601029  91.601029  93.955147 102.213263 107.877777 -10.421175    -8.998408       -1.422767  0.0 27.953411 24.127150  9.860024    9.691799 -1724260785689 103.359248
2024-12-23  78.090     213530593  91.215000  91.215000  91.215000  93.332984 101.735575 107.581381 -10.280046    -9.254735       -1.025310  0.0 33.201920 37.701928 17.237734   11.405168 -1724047255096 103.358376
2024-12-30  77.780      42179343  90.841806  90.841806  90.841806  92.723063 101.261207 107.284850 -10.137175    -9.431223       -0.705951  0.0 33.367786 36.894216 22.556330   13.800417 -1724089434439 103.358202
2025-01-06  79.280      79501580  90.529324  90.529324  90.529324  92.195885 100.825935 107.006195  -9.916694    -9.528317       -0.388377  0.0 34.206498 42.267206 29.301548   17.505370 -1724009932859 103.357893
2025-01-13  87.000     213674425  90.436447  90.436447  90.436447  91.992124 100.552155 106.807128  -9.365290    -9.495712        0.130422  0.0 42.729925 64.567799 41.111660   24.013459 -1723796258434 103.357329
2025-01-20  87.540     146464108  90.362179  90.362179  90.362179  91.817531 100.294488 106.615416  -8.826046    -9.361779        0.535733  0.0 46.753461 77.211104 51.728451   32.387144 -1723649794326 103.356954
2025-01-27  83.890     202407060  90.200375  90.200375  90.200375  91.506648  99.969647 106.389292  -8.476282    -9.184680        0.708397  0.0 47.165420 65.429309 57.273927   40.394383 -1723852201386 103.356318
2025-02-03  81.190     169751843  89.980610  89.980610  89.980610  91.102073  99.597773 106.138553  -8.255167    -8.998777        0.743610  0.0 45.254427 56.714009 61.237886   48.130694 -1724021953229 103.355711
2025-02-10  87.790     625156064  89.928452  89.928452  89.928452  90.972188  99.363955 105.955980  -7.755552    -8.750132        0.994580  0.0 48.837209 78.018076 68.388059   55.947996 -1723396797165 103.354140
2025-02-17  92.360    1199928554  89.985000  89.985000  89.985000  91.026612  99.225263 105.820697  -7.096692    -8.419444        1.322752  0.0 51.270765 76.213206 70.717141   61.869093 -1722196868611 103.352010
2025-02-24  90.490     762123789  89.996477  89.996477  89.996477  91.005568  99.052288 105.668153  -6.571024    -8.049760        1.478736  0.0 52.823288 71.254309 69.525782   65.428559 -1722958992400 103.350428
2025-03-03  91.070     535140063  90.020333  90.020333  90.020333  91.008095  98.894222 105.522897  -6.061309    -7.652070        1.590761  0.0 54.019435 72.792363 70.998393   68.173452 -1722423852337 103.349368
2025-03-10  92.290     325873448  90.069674  90.069674  90.069674  91.058366  98.763446 105.391227  -5.540206    -7.229697        1.689491  0.0 55.448296 76.027579 74.861107   70.898096 -1722097978889 103.348786
2025-03-17  89.820     343964032  90.064362  90.064362  90.064362  91.009803  98.586348 105.236289  -5.166550    -6.817068        1.650518  0.0 57.535286 69.477592 73.153010   71.851086 -1722441942921 103.348035
2025-03-24  81.590     330800278  89.887812  89.887812  89.887812  90.640399  98.249787 105.001003  -5.167995    -6.487253        1.319258  0.0 53.132446 47.653142 67.440997   71.195858 -1722772743199 103.346874
2025-03-31  73.730     403895845  89.558061  89.558061  89.558061  89.977246  97.764246 104.689848  -5.485869    -6.286976        0.801107  0.0 45.750690 26.809865 58.552108   69.001123 -1723176639044 103.344944
2025-04-07  78.190     617061629  89.330700  89.330700  89.330700  89.515001  97.376637 104.426168  -5.562219    -6.142025        0.579806  0.0 48.503741 38.636966 51.721029   65.145650 -1722559577415 103.342440
2025-04-14  83.300     441081880  88.697200  89.212451  89.212451  89.271275  97.097892 104.215958  -5.397049    -5.993030        0.595981  0.0 55.871525 52.187749 46.953063   59.564041 -1722118495535 103.341014
2025-04-21  87.960     431688635  88.148400  89.188365  89.188365  89.219853  96.916944 104.054207  -5.037582    -5.801940        0.764358  0.0 61.701318 64.545213 45.966587   54.126757 -1721686806900 103.339943
- **Финансовые показатели МСФО:**  
                               Unnamed: 0    2008    2009       2010       2011       2012       2013       2014       2015       2016       2017       2018       2019       2020       2021       2022       2023       2024        LTM
                              Дата отчета     NaN     NaN        NaN        NaN        NaN 27.06.2018 27.06.2018 29.05.2018 25.05.2018 16.04.2018 26.02.2019 26.02.2020 25.02.2021 22.02.2022 05.04.2023 20.02.2024 25.02.2025 25.04.2025
                            Валюта отчета     RUB     RUB        RUB        RUB        RUB        RUB        RUB        RUB        RUB        RUB        RUB        RUB        RUB        RUB        RUB        RUB        RUB        RUB
            Чистый операц доход, млрд руб     NaN     NaN      218.9      285.2      356.0      416.7      530.8      412.3      510.6      592.5      641.3      610.4      609.0      822.7        NaN      1 106      1 073      1 161
             Чист. проц. доходы, млрд руб     NaN     NaN      171.1      227.0      246.0      323.0      347.3      289.1      415.0      460.2      468.6      440.6      531.7      646.3      298.0      761.4      487.2      368.6
            Чист. комисс. доход, млрд руб     NaN     NaN       28.8       47.4       48.3       55.4       63.1       76.2       81.8       95.3      127.6      122.0      136.8      158.5      147.7      217.0      269.0      290.0
                   Доходы по цб, млрд руб     NaN     NaN        NaN        NaN        NaN        NaN        NaN       34.2       8.80       12.8       21.1       63.1       55.0        NaN        NaN       87.5      264.9      461.7
                 Чистая прибыль, млрд руб     NaN     NaN       58.2       89.4       85.8      101.5      0.800       1.70       51.6      120.1      178.8      202.0       80.6      325.3     -668.0      432.2      535.3      553.7
    Операционный денежный поток, млрд руб     NaN     NaN        NaN        NaN        NaN        NaN        NaN        NaN        NaN        NaN        NaN      369.5     -158.8      1 017        NaN        NaN        NaN        NaN
                    Див.выплата, млрд руб    3.01    6.07       6.07       9.21       15.0       15.0       15.2       15.2       44.4       73.5       26.8       20.0       32.7        NaN        NaN        NaN        NaN        NaN
                      Дивиденд, руб/акцию 0,00134 0,00058    0,00058    0,00088    0,00143    0,00116    0,00117    0,00117    0,00117    0,00345     0,0011    0,00077     0,0014        NaN        NaN        NaN        NaN        NaN
                         Див доход, ао, %     NaN     NaN       0.6%       1.3%       2.7%       2.3%       1.7%       1.5%       1.6%       0.0%       0.0%       0.0%       0.0%       0.0%       0.0%       0.0%       0.0%       0.0%
                   Дивиденд ап, руб/акцию     NaN     NaN        NaN        NaN        NaN        NaN        NaN   0,000422    0,00052   0,000551   0,000024    0,00021    0,00031        NaN        NaN        NaN        NaN        NaN
                         Див доход, ап, %     NaN     NaN        NaN        NaN        NaN        NaN        NaN       4.2%       5.2%       5.5%       0.2%       2.1%       3.1%       0.0%       0.0%       0.0%        NaN        NaN
                     Дивиденды/прибыль, %     NaN     NaN        10%        10%        17%        15%     1 896%       892%        86%        61%        15%        10%        41%         0%         0%         0%         0%          0
                  Опер. расходы, млрд руб     NaN     NaN       95.1      141.5      181.2      210.9      222.6      221.9      233.9      260.9      259.8      254.2      270.0      308.8      284.0      443.8      552.3      581.2
               Расх на персонал, млрд руб     NaN     NaN        NaN        NaN        NaN        NaN      182.7      213.5      145.7      155.2      143.2      157.8      165.1      181.4        NaN      400.3      478.8        NaN
             Процентные расходы, млрд руб     NaN     NaN        NaN        NaN        NaN        NaN        NaN      803.0      681.0      582.0      542.6      636.5      501.6      547.2      1 306      1 648      3 555        NaN
              Создание резервов, млрд руб     NaN     NaN       51.6       31.6       59.4       96.9      275.4      178.1      211.2      171.9      167.1      103.3      250.0      116.0      514.3      187.2       20.1      122.3
        Списание. плох.кредитов, млрд руб     NaN     NaN        NaN        NaN        NaN        NaN        NaN      159.7      161.8      181.8        NaN      165.5       72.2      118.8        NaN        NaN        NaN        NaN
                     Наличность, млрд руб     NaN     NaN        NaN        NaN        NaN        NaN      695.2      570.5      452.9      773.8      935.8      1 335      1 230      1 174      918.7      1 211      2 018      1 935
                    Чистый долг, млрд руб    0.00    0.00       0.00       0.00       0.00       0.00     -695.2     -570.5     -452.9     -773.8     -935.8     -1 335     -1 230     -1 174     -918.7     -1 211     -2 018     -1 935
                   Активы банка, млрд руб   3 697   3 611      4 291      6 799      7 416      8 769     12 191     13 642     12 586     13 009     14 760     15 516     18 142     20 859     24 424     29 382     36 070     35 728
                        Капитал, млрд руб     NaN     NaN      554.3      603.5      766.1      947.1      1 131      1 516      1 442      1 480      1 523      1 653      1 722      2 184      1 491      2 078      2 689      2 758
             Кредитный портфель, млрд руб     NaN     NaN        NaN        NaN      4 762      5 969      9 150     10 110      9 487      9 773     11 427     11 461     12 264     13 791     17 356     21 000     23 764     23 906
                Кредиты юрлицам, млрд руб     NaN     NaN        NaN        NaN        NaN        NaN        NaN      8 150      7 311      7 287      8 439      8 096      9 305      9 931     11 755     14 019     15 938     16 258
               Кредиты физлицам, млрд руб     NaN     NaN        NaN        NaN        NaN        NaN        NaN      1 960      2 176      2 486      2 989      3 365      3 867      4 765      5 601      6 980      7 825      7 648
                       Депозиты, млрд руб     NaN     NaN        NaN        NaN        NaN        NaN        NaN      7 267      7 346      9 145     10 404     10 974     12 831     15 150     18 546     22 347     26 927     26 225
                 Депозиты юрлиц, млрд руб     NaN     NaN        NaN        NaN        NaN        NaN        NaN      4 384      4 342      5 523      5 996      5 933      7 095      8 758     11 134     12 742     13 907     12 904
                Депозиты физлиц, млрд руб     NaN     NaN        NaN        NaN        NaN        NaN        NaN      2 883      3 004      3 622      4 408      5 042      5 736      6 421      7 412      9 605     13 019     13 322
      Резервы под обесценивание, млрд руб     NaN     NaN        NaN        NaN        NaN        NaN      613.1      672.5      211.2      171.9      732.0      687.0      898.7      905.7        NaN      1 141      1 156      1 208
           Неработающие кредиты, млрд руб     NaN     NaN        NaN        NaN        NaN        NaN        NaN      635.0      604.0      558.0      654.0      534.0      745.0      590.2        NaN        NaN        NaN        NaN
                     Дост.осн капитала, %     NaN     NaN        NaN        NaN        NaN        NaN      12.4%      9.80%      9.60%      13.1%      9.00%      9.50%      9.90%      8.30%      7.30%      5.90%      6.20%      6.40%
                    Дост. общ капитала, %     NaN     NaN        NaN        NaN        NaN        NaN        NaN      14.3%      14.6%      14.8%      11.4%      11.2%      11.5%      12.0%      11.3%      10.6%      9.10%      9.90%
                       Стоимость риска, %     NaN     NaN        NaN        NaN        NaN        NaN        NaN      1.80%      1.50%      1.60%      1.60%     0.600%      1.90%     0.700%      2.40%     0.900%     0.300%     0.575%
                 Loan-to-deposit ratio, %     NaN     NaN        NaN        NaN        NaN        NaN        NaN       139%       129%       107%       110%       104%        96%        91%        94%        94%        88%        91%
             Просроченные кредиты, NPL, %     NaN     NaN        NaN        NaN        NaN        NaN        NaN      6.30%      6.43%      6.90%      5.70%      4.70%      5.70%      4.00%      3.70%      3.20%      3.50%      3.80%
                       Цена акции ао, руб     NaN     NaN      0.101      0.067      0.054      0.050      0.067      0.080      0.074      236.6      169.3      229.5      188.7      241.1       83.1      113.8       79.7       87.2
                      Число акций ао, млн     NaN     NaN 12 960 541 12 960 541 12 960 541 12 960 541 12 960 541 12 960 541 12 960 541      5 370      5 370      5 370      5 370      5 370      5 370      5 370      5 370      5 370
                       Цена акции ап, руб     NaN     NaN        NaN        NaN        NaN        NaN        NaN      0.010      0.010      0.010      0.010      0.010      0.010      0.010      0.010      0.010        NaN        NaN
                      Число акций ап, млн     NaN     NaN        NaN        NaN        NaN        NaN        NaN 52 142 847 52 142 847 52 142 847 52 142 847 52 142 847 52 142 847 52 142 847 52 142 847 52 142 847 52 142 847 52 142 847
                            Free Float, %     NaN     NaN        NaN        NaN        NaN        NaN        NaN        NaN      39.0%        NaN        NaN        NaN        NaN        NaN        NaN        NaN        NaN        NaN
                  Капитализация, млрд руб    0.00    0.00      1 309      873.5      694.7      642.8      868.4      1 554      1 481      1 792      1 430      1 754      1 534      1 816      967.4      1 132      427.9      468.3
                             EV, млрд руб    0.00    0.00      1 309      873.5      694.7      642.8      173.2      983.9      1 028      1 018      494.5      418.8      304.5      642.2       48.7      -78.7     -1 590     -1 467
                                 EPS, руб     NaN     NaN       0.00       0.01       0.01       0.01       0.00       0.00       0.00       22.4       33.3       37.6       15.0       60.6     -124.4       80.5       99.7      103.1
                                   ROE, %     NaN     NaN        NaN        NaN        NaN      11.8%       0.1%       0.1%       3.6%       8.3%      11.9%      12.8%       4.4%      16.5%        NaN      22.3%      22.9%      20.9%
                                   ROA, %     NaN     NaN        NaN        NaN        NaN        NaN        NaN       0.0%       0.4%       0.9%       1.2%       1.3%       0.4%       1.6%        NaN        NaN        NaN        NaN
               Чистая процентная маржа, %     NaN     NaN        NaN        NaN        NaN      4.40%      4.00%      2.60%      3.70%      4.10%      3.70%      3.40%      3.80%      3.80%      1.70%      3.10%      1.70%      1.53%
                  Рентабельность банка, %     NaN     NaN      26.6%      31.3%      24.1%      24.4%      0.15%      0.41%      10.1%      20.3%      27.9%      33.1%      13.2%      39.5%        NaN      39.1%      49.9%      47.7%
                                      P/E     NaN     NaN       22.5       9.77       8.10       6.33      1 085      914.3       28.7       14.9       8.00       8.68       19.0       5.58      -1.45       2.62       0.80       0.85
                                      P/B     NaN     NaN       2.36       1.45       0.91       0.68       0.77       1.03       1.03       1.21       0.94       1.06       0.89       0.83       0.65       0.54       0.16       0.17
                            Персонал, чел     NaN     NaN        NaN        NaN        NaN        NaN    101 072     92 882     94 966     96 957     77 700     82 900     80 200        NaN        NaN     55 834        NaN        NaN
Производительность труда, млн руб/чел/год     NaN     NaN        NaN        NaN        NaN        NaN       5.25       4.44       5.38       6.11       8.25       7.36       7.59        NaN        NaN       19.8        NaN        NaN
                   Расходы/чел/год, тыс.р     NaN     NaN        NaN        NaN        NaN        NaN      1 808      2 299      1 534      1 601      1 843      1 903      2 059        NaN        NaN      7 169        NaN        NaN
                               IR рейтинг     NaN     NaN        NaN        NaN        NaN        NaN        NaN        NaN        NaN        NaN        NaN        NaN        4.0        3.6        3.9        4.4        4.4        4.4
                  Качество фин.отчетности     NaN     NaN        NaN        NaN        NaN        NaN        NaN        NaN        NaN        NaN        NaN        NaN          1          1          3          5          5          5
               Презентации для инвесторов     NaN     NaN        NaN        NaN        NaN        NaN        NaN        NaN        NaN        NaN        NaN        NaN          2          2          1          5          5          5
                 Присутствие на смартлабе     NaN     NaN        NaN        NaN        NaN        NaN        NaN        NaN        NaN        NaN        NaN        NaN          3          3          3          1          1          1
                            Годовой отчет     NaN     NaN        NaN        NaN        NaN        NaN        NaN        NaN        NaN        NaN        NaN        NaN          4          4          5          5          5          5
                      Сайт для инвесторов     NaN     NaN        NaN        NaN        NaN        NaN        NaN        NaN        NaN        NaN        NaN        NaN          5          5          5          5          5          5
                     Календарь инвесторов     NaN     NaN        NaN        NaN        NaN        NaN        NaN        NaN        NaN        NaN        NaN        NaN          6          5          5          5          5          5
                           Обратная связь     NaN     NaN        NaN        NaN        NaN        NaN        NaN        NaN        NaN        NaN        NaN        NaN          7          5          5          5          5          5
- **Месячные макроэкономические данные России (2024-2025):**  
      Дата Инфляция (CPI, %, год к году) Ключевая ставка (%) Уровень безработицы (%) Обменный курс USD/RUB (ср. за месяц)
2024-01-01                           7.5                16.0                     2.8                                 88.9
2024-02-01                           7.7                16.0                     2.7                                 90.7
2024-03-01                           7.7                16.0                     2.7                                 91.8
2024-04-01                           7.8                16.0                     2.6                                 92.5
2024-05-01                           8.1                16.0                     2.6                                 91.6
2024-06-01                           8.3                18.0                     2.5                                 88.8
2024-07-01                           8.5                18.0                     2.5                                 86.6
2024-08-01                           8.6                19.0                     2.5                                 91.5
2024-09-01                           8.5                19.0                     2.5                                 92.5
2024-10-01                           8.8                19.0                     2.5                                 95.5
2024-11-01                           9.1                19.0                     2.5                                 97.5
2024-12-01                           9.5                21.0                     2.4                                104.2
2025-01-01                           9.9                21.0                     2.3                                 98.0
2025-02-01                          10.1                21.0                     2.4                                 91.0
2025-03-01                           9.9                21.0                     2.5                                 85.0
- **Годовые макроэкономические данные России (2024-2025):**  
 Год Рост ВВП (%) Инфляция (CPI, %, дек к дек) Уровень безработицы (%) Ключевая ставка (%) Торговый баланс (млрд USD) Бюджетный дефицит (% ВВП)  MOEX (конец года) Обменный курс USD/RUB (ср. за год)  Индекс доверия потребителей (%)
2024          3.6                          9.5                     2.4                21.0                       70.0                       1.7               3500                              104.2                               45
2025          1.5                          7.5                     2.4                21.0                       70.0                       0.6               4000                               90.0                               50

**Индикаторы:**
- SMA: 50, 100, 200
- EMA: 50, 100, 200
- MACD: (24, 52, 9)
- ADX: 20
- RSI: 21
- Stochastic: (21, 5, 5)
- OBV, VWAP

**Задача:**
1. Проанализируй тренд (ADX), импульс (MACD), перекупленность/перепроданность (RSI, Stochastic), потоки капитала (OBV) и справедливую цену (VWAP).
2. Сравни ценовую динамику с финансовыми показателями МСФО (Чистая прибыль, Активы, EV/EBITDA).
3. Учти макроэкономику: инфляция, ключевая ставка, курс USD/RUB.
4. Спрогнозируй движение цены на 1-3 месяца (рост, падение, боковик) с вероятностью основного сценария (%).
5. Определи уровни поддержки и сопротивления.
6. Дай рекомендацию по акции (Активно продавать, Продавать, Держать, Покупать, Активно покупать) на основе всех данных.
7. Дай рекомендацию на основе индикаторов (ADX, RSI, MACD, Stochastic) с обоснованием.

**Формат ответа:**
- Прогноз: [направление] (вероятность X%)
- Поддержка: [уровень], Сопротивление: [уровень]
- Рекомендация (все данные): [действие]
- Рекомендация (индикаторы): [действие] — [обоснование]
- Комментарий: [краткое обоснование с учётом индикаторов, МСФО и макроэкономики]

**Правила:**
- Используй только предоставленные данные.
- Ответ не более 500 токенов.
- Входной промпт до 50,000 токенов.
