
Ты финансовый аналитик, эксперт в краткосрочных прогнозах (1-3 месяца). Используй предоставленные данные акции (тикер: AFLT) за последний год (таймфрейм: weekly), финансовые показатели МСФО и макроэкономические данные России для прогнозирования цены акции.

**Данные:**
- **Исторические данные и индикаторы (последние 50 недель):**  
      date  close    volume    SMA_50   SMA_100   SMA_200    EMA_50   EMA_100   EMA_200     MACD  MACD_signal  MACD_histogram  ADX     RSI_21   Stoch_K   Stoch_D  Stoch_Slow        OBV      VWAP
2024-05-13  58.00 293805790 53.033333 53.033333 53.033333 50.576528 50.415111 50.333025 0.349920     0.074041        0.275879  NaN 100.000000 94.827586 57.665571   39.850045  338046230 56.199378
2024-05-20  58.13 208192680 54.307500 54.307500 54.307500 50.872743 50.567881 50.410607 0.641687     0.187570        0.454116  NaN 100.000000 85.948027 64.736185   46.071580  546238910 56.874475
2024-05-27  55.23 197055360 54.492000 54.492000 54.492000 51.043616 50.660201 50.458561 0.775480     0.305152        0.470328  NaN  73.098330 58.036574 63.396263   49.536517  349183550 56.465544
2024-06-03  58.51 175027260 55.161667 55.161667 55.161667 51.336415 50.815642 50.538675 1.030210     0.450164        0.580046  NaN  79.374111 89.605390 76.757341   60.327985  524210810 56.835413
2024-06-10  62.82 186051140 56.255714 56.255714 56.255714 51.786752 51.053352 50.660877 1.434766     0.647084        0.787682  NaN  84.213391 99.853372 85.654190   69.641910  710261950 57.800670
2024-06-17  63.97 282195620 57.220000 57.220000 57.220000 52.264526 51.309127 50.793306 1.837186     0.885105        0.952081  NaN  85.143443 94.983923 85.685457   75.245887  992457570 59.013279
2024-06-24  62.72  97946910 57.831111 57.831111 57.831111 52.674545 51.535085 50.911980 2.135065     1.135097        0.999968  NaN  80.019259 86.945338 85.884919   79.475634  894510660 59.250008
2024-07-01  58.45 127024160 57.893000 57.893000 57.893000 52.901033 51.672014 50.986985 2.211858     1.350449        0.861409  NaN  66.373802 59.485531 86.174711   84.031324  767486500 59.188816
2024-07-08  55.40 235442680 57.666364 57.666364 57.666364 52.999032 51.745836 51.030896 2.144259     1.509211        0.635048  NaN  59.166963 39.871383 76.227909   83.925437  532043820 58.718358
2024-07-15  56.29 132202730 57.551667 57.551667 57.551667 53.128089 51.835819 51.083225 2.115557     1.630480        0.485077  NaN  60.420980 45.594855 65.376206   79.869840  664246550 58.560082
2024-07-22  55.47 133924190 57.391538 57.391538 57.391538 53.219929 51.907783 51.126875 2.049104     1.714205        0.334899  NaN  58.758389 40.321543 54.443730   73.621495  530322360 58.368690
2024-07-29  53.78 273494790 57.133571 57.133571 57.133571 53.241893 51.944857 51.153274 1.912662     1.753896        0.158766  NaN  55.604954 29.453376 42.945338   65.033579  256827570 57.853455
2024-08-05  51.09 231822840 56.730667 56.730667 56.730667 53.157505 51.927929 51.152644 1.672408     1.737599       -0.065191  NaN  51.228789 12.154341 33.479100   54.494456   25004730 57.265683
2024-08-12  49.16 144505750 56.257500 56.257500 56.257500 53.000740 51.873118 51.132817 1.373096     1.664698       -0.291602  NaN  48.490723  2.440551 25.992933   44.447461 -119501020 56.849152
2024-08-19  46.45 166079740 55.680588 55.680588 55.680588 52.743848 51.765730 51.086222 0.989439     1.529646       -0.540207  NaN  45.105616  6.632653 18.200493   35.012319 -285580760 56.269233
2024-08-26  47.12 223538760 55.205000 55.205000 55.205000 52.523305 51.673735 51.046757 0.675125     1.358742       -0.683617  NaN  46.036971 10.051020 12.146388   26.552850  -62042000 55.630444
2024-09-02  48.42 217813700 54.847895 54.847895 54.847895 52.362391 51.609305 51.020620 0.449772     1.176948       -0.727176  NaN  47.756803 21.301205 10.515954   20.066974  155771700 55.171157
2024-09-09  48.01 136790910 54.506000 54.506000 54.506000 52.191709 51.538032 50.990664 0.231586     0.987876       -0.756290  NaN  47.281553 19.325301 11.950146   15.761183   18980790 54.895708
2024-09-16  52.83 160145530 54.426190 54.426190 54.426190 52.216740 51.563615 51.008965 0.241443     0.838589       -0.597146  NaN  52.803129 42.554217 19.972879   14.557172  179126320 54.806694
2024-09-23  54.57 148442330 54.432727 54.432727 54.432727 52.309025 51.623147 51.044399 0.322980     0.735467       -0.412487  NaN  54.522613 50.939759 28.834300   16.683934  327568650 54.797603
2024-09-30  53.18 120244150 54.378261 54.378261 54.378261 52.343181 51.653976 51.065648 0.335441     0.655462       -0.320021  NaN  52.399588 44.240964 35.672289   21.389114  207324500 54.748795
2024-10-07  54.88  98320470 54.399167 54.399167 54.399167 52.442664 51.717858 51.103602 0.417310     0.607832       -0.190522  NaN  46.380510 52.433735 41.898795   27.665682  305644970 54.751954
2024-10-14  57.60 143384380 54.527200 54.527200 54.527200 52.644912 51.834336 51.168243 0.603485     0.606962       -0.003478  NaN  49.420004 65.542169 51.142169   35.504087  449029350 54.848567
2024-10-21  55.80 106020450 54.576154 54.576154 54.576154 52.768641 51.912864 51.214330 0.690405     0.623651        0.066754  NaN  50.639157 56.867470 54.004819   42.310475  343008900 54.871847
2024-10-28  55.99 250383990 54.628519 54.628519 54.628519 52.894969 51.993599 51.261849 0.773300     0.653581        0.119720  NaN  46.963855 57.783133 55.373494   47.618313  593392890 54.932932
2024-11-04  60.73 216567150 54.846429 54.846429 54.846429 53.202225 52.166597 51.356060 1.044683     0.731801        0.312882  NaN  47.507751 80.626506 62.650602   53.013976  809960040 55.194496
2024-11-11  63.86 203600380 55.157241 55.157241 55.157241 53.620177 52.398150 51.480477 1.414067     0.868255        0.545813  NaN  49.874744 97.162427 71.596341   58.953485 1013560420 55.547115
2024-11-18  58.82 205683340 55.279333 55.279333 55.279333 53.824092 52.525315 51.553507 1.523797     0.999363        0.524434  NaN  45.911950 74.622356 73.412378   63.407527  807877080 55.676347
2024-11-25  52.15 258840140 55.178387 55.178387 55.178387 53.758441 52.517883 51.559442 1.334436     1.066378        0.268058  NaN  43.712575 41.037261 70.246336   66.655830  549036940 55.509417
2024-12-02  50.86 321269430 55.043438 55.043438 55.043438 53.644777 52.485054 51.552483 1.108249     1.074752        0.033497  NaN  45.304096 34.541793 65.598069   68.700745  227767510 55.251399
2024-12-09  48.28 138321240 54.838485 54.838485 54.838485 53.434393 52.401785 51.519921 0.795622     1.018926       -0.223304  NaN  41.994803 21.550856 53.782938   66.927213   89446270 55.088719
2024-12-16  54.95 195094910 54.841765 54.841765 54.841765 53.493829 52.452245 51.554051 0.798359     0.974813       -0.176453  NaN  49.534717 55.135952 45.377644   61.683473  284541180 55.084299
2024-12-23  58.38 190831110 54.942857 54.942857 54.942857 53.685443 52.569626 51.621971 0.943338     0.968518       -0.025180  NaN  53.991670 72.406848 44.934542   55.987906  475372290 55.183915
2024-12-30  58.13  52737230 55.031389 55.031389 55.031389 53.859740 52.679733 51.686727 1.058271     0.986468        0.071803  NaN  56.379123 71.148036 50.956697   52.129978  422635060 55.208320
2025-01-06  60.99 105603320 55.192432 55.192432 55.192432 54.139358 52.844293 51.779297 1.277701     1.044715        0.232986  NaN  60.541793 85.548842 61.158107   51.241985  528238380 55.302663
2025-01-13  61.80 141271030 55.366316 55.366316 55.366316 54.439775 53.021633 51.879005 1.502334     1.136239        0.366096  NaN  64.157904 89.627392 74.773414   55.440081  669509410 55.441462
2025-01-20  61.86 150054450 55.532821 55.532821 55.532821 54.730764 53.196650 51.978319 1.699199     1.248831        0.450369  NaN  63.750000 89.929507 81.732125   62.710977  819563860 55.583871
2025-01-27  63.86 292286910 55.741000 55.741000 55.741000 55.088774 53.407806 52.096545 1.952879     1.389641        0.563239  NaN  64.217311 89.968976 85.244551   70.772979 1111850770 55.926729
2025-02-03  64.25 186177830 55.948537 55.948537 55.948537 55.448037 53.622503 52.217474 2.188045     1.549322        0.638724  NaN  64.959469 91.968912 89.408726   78.463384 1298028600 56.140717
2025-02-10  68.94 398920410 56.257857 56.257857 56.257857 55.977134 53.925820 52.383868 2.587847     1.757027        0.830821  NaN  64.875346 87.656250 89.830207   84.197804 1696949010 56.808984
2025-02-17  76.22 447137310 56.722093 56.722093 56.722093 56.770972 54.367289 52.621043 3.241656     2.053953        1.187703  NaN  68.135366 93.020344 90.508798   87.344881 2144086320 57.882152
2025-02-24  72.93 354856150 57.090455 57.090455 57.090455 57.404659 54.734867 52.823122 3.671626     2.377487        1.294139  NaN  66.033447 82.723005 89.067497   88.811956 1789230170 58.514645
2025-03-03  75.10 368662800 57.490667 57.490667 57.490667 58.098594 55.138137 53.044783 4.132901     2.728570        1.404331  NaN  66.290686 89.514867 88.976676   89.558381 2157892970 59.208584
2025-03-10  75.95 144896280 57.891957 57.891957 57.891957 58.798649 55.550253 53.272695 4.564707     3.095797        1.468910  NaN  65.243396 92.175274 89.017948   89.480225 2302789250 59.479437
2025-03-17  75.48 122013640 58.266170 58.266170 58.266170 59.452820 55.944901 53.493664 4.913334     3.459305        1.454029  NaN  66.717635 90.704225 89.627543   89.439692 2180775610 59.694492
2025-03-24  66.45  99563830 58.436667 58.436667 58.436667 59.727219 56.152923 53.622582 4.825489     3.732541        1.092947  NaN  57.725258 62.441315 83.511737   88.040280 2081211780 59.767779
2025-03-31  66.48 256870380 58.600816 58.600816 58.600816 59.992034 56.357420 53.750517 4.734421     3.932917        0.801504  NaN  54.564217 62.535211 79.474178   86.121616 2338082160 59.950531
2025-04-07  71.40 350577770 58.856800 58.856800 58.856800 60.439405 56.655293 53.926134 4.847448     4.115824        0.731625  NaN  55.819697 77.934272 77.158059   83.757893 2688659930 60.360740
2025-04-14  70.18 123568300 59.255400 59.078824 59.078824 60.821389 56.923109 54.087864 4.881313     4.268921        0.612391  NaN  59.317585 74.115806 73.546166   80.663537 2565091630 60.483194
2025-04-21  74.45 178457180 59.727400 59.374423 59.374423 61.355845 57.270176 54.290472 5.077024     4.430542        0.646482  NaN  69.040301 87.480438 72.901408   77.318310 2743548810 60.730289
- **Финансовые показатели МСФО:**  
                               Unnamed: 0  2008  2009  2010   2011   2012       2013       2014       2015       2016       2017       2018       2019       2020       2021       2022       2023       2024        LTM
                              Дата отчета   NaN   NaN   NaN    NaN    NaN 27.06.2018 07.05.2022 15.06.2018 30.05.2018 30.05.2018 04.03.2019 03.03.2020 10.03.2021 02.03.2022 06.03.2024 05.03.2024 04.03.2025 29.11.2024
                            Валюта отчета   RUB   RUB   RUB    RUB    RUB        RUB        RUB        RUB        RUB        RUB        RUB        RUB        RUB        RUB        RUB        RUB        RUB        RUB
            Пассажиропоток всего, млн чел   NaN   NaN   NaN    NaN    NaN        NaN        NaN       39.4       43.4       50.1       55.7       60.7       30.2       45.8       40.7       47.3       55.3        NaN
            Пассажиропоток внутр, млн чел   NaN   NaN   NaN    NaN    NaN        NaN        NaN       23.4       25.2       27.6       31.0       33.6       24.2       37.3       35.3       37.7       42.6        NaN
            Пассажиропоток м/нар, млн чел   NaN   NaN   NaN    NaN    NaN        NaN        NaN       16.0       18.3       22.6       24.7       27.1       5.98       8.47       5.35       9.59       12.7        NaN
               Занятость пассаж.кресел, %   NaN   NaN   NaN    NaN    NaN        NaN        NaN      78.3%      81.5%      82.8%      82.7%      81.9%      73.6%      80.3%      83.6%      87.5%      89.6%        NaN
                       Грузооборот, млн т   NaN   NaN   NaN    NaN    NaN        NaN        NaN      663.0      918.0      1 231      1 300      1 314      1 062      1 295      854.4      989.4      1 168        NaN
                           Часы налета, ч   NaN   NaN   NaN    NaN    NaN        NaN        NaN    859 605    911 776  1 009 108  1 123 546  1 225 785    637 129    838 466    785 313    893 694  1 028 236        NaN
                      Число самолетов, шт   NaN   NaN   NaN    NaN    NaN        NaN        NaN        258        291        325        366        358        364        356        NaN        349        NaN        NaN
                        Выручка, млрд руб   NaN   NaN   NaN  158.0  253.0      291.0      319.8      415.2      495.9      532.9      611.6      677.9      302.2      491.7      413.3      612.2      856.8      807.6
           Операционная прибыль, млрд руб   NaN   NaN   NaN    NaN    NaN        NaN       11.3       44.1       63.3       40.4       60.7       60.7      -92.2      -5.02      -13.4      182.3       99.5      194.1
                         EBITDA, млрд руб   NaN   NaN   NaN   19.0   20.9       31.8       24.8       58.7       78.0       56.0      151.5      168.9       27.0      116.5      112.9      318.4      214.1      311.7
                 Чистая прибыль, млрд руб   NaN   NaN   NaN   14.4   5.20       7.30      -17.1      -6.50       38.8       23.1       5.70       13.5     -113.0      -34.5      -41.4       10.3       58.5      185.5
             Чистая прибыль н/с, млрд руб   NaN   NaN   NaN    NaN    NaN        NaN      -15.5      -5.83       37.4       22.9      -54.4       10.7     -123.0      -34.5        NaN        NaN        NaN       1.09
    Операционный денежный поток, млрд руб   NaN   NaN   NaN    NaN    NaN        NaN       36.0       69.7       73.7       47.4      134.0      152.2       23.0       94.8       79.3      177.2      203.8      224.0
                          CAPEX, млрд руб   NaN   NaN   NaN    NaN    NaN        NaN       6.03       8.57       10.2       7.68       34.7       26.8       15.3       17.3       7.50       99.5       91.9      115.3
                            FCF, млрд руб   NaN   NaN   NaN    NaN    NaN        NaN       17.5       30.9       84.0       61.8      115.0      106.1       9.10       95.8      -24.9      -2.61       19.1      -12.0
                    Див.выплата, млрд руб 0.200 0.388  1.21   2.00   1.29       2.74      0.000      0.000       19.4       14.2       2.86      0.000      0.000      0.000      0.000      0.000        NaN        NaN
                      Дивиденд, руб/акцию  0,18  0,35  1,09   1,81   1,16        2,5          0          0    17,4795      12,81     2,6877          0          0          0          0          0        NaN        NaN
                         Див доход, ао, %  0.7%  0.7%  1.4%   3.6%   2.6%       3.0%       0.0%       0.0%      11.4%       9.3%       2.7%       0.0%       0.0%       0.0%       0.0%       0.0%       0.0%       0.0%
                     Дивиденды/прибыль, %   NaN   NaN   NaN    14%    25%        38%         0%         0%        50%        62%        50%         0%         0%         0%         0%         0%         0%          0
                  Опер. расходы, млрд руб   NaN   NaN   NaN    NaN    NaN      212.5      152.1      371.1      432.6      492.5      591.9      617.2      394.3      496.8      426.7      429.9      757.2      619.5
                    Амортизация, млрд руб   NaN   NaN   NaN    NaN    NaN        NaN        NaN        NaN        NaN        NaN        NaN        NaN        NaN        NaN      126.1      136.0      114.0      117.0
               Расх на персонал, млрд руб   NaN   NaN   NaN    NaN    NaN        NaN       52.2       55.6       64.7       82.8       82.9       92.4       65.4       68.4       70.6       77.5       99.8       96.8
             Процентные расходы, млрд руб   NaN   NaN   NaN    NaN    NaN        NaN       19.0       25.4       34.0       20.3       44.0       46.0       37.5       47.2       31.8       29.2       23.1       4.48
                         Активы, млрд руб   NaN   NaN   NaN    NaN    NaN        NaN      277.7      315.2      299.3      323.3      967.8      933.3      1 016      1 106      957.1      1 114      1 157      1 138
                  Чистые активы, млрд руб   NaN   NaN   NaN    NaN    NaN       54.5      -13.5      -36.1       40.8       65.5      -63.5      -1.69     -107.8     -138.5      -91.4      -85.5      -55.7        NaN
                           Долг, млрд руб   NaN   NaN   NaN    NaN    NaN        NaN      174.3      233.7      143.9      104.8      660.3      573.7      751.9      798.3      611.6      747.3      703.0      690.2
                     Наличность, млрд руб   NaN   NaN   NaN    NaN    NaN       18.7       26.5       30.7       37.8       46.0       30.1       25.9       93.8       93.8      108.0      117.0      105.4       71.9
                    Чистый долг, млрд руб  0.00  0.00  0.00   0.00   0.00      -18.7      147.8      203.0      106.1       58.8      630.2      547.8      658.1      704.5      503.6      630.3      597.6      618.3
                       Цена акции ао, руб  27.4  52.5  80.0   50.2   45.0       83.7       32.2       56.1      153.0      138.5      101.2      103.5       71.4       58.9       24.6       34.9       58.9       74.7
                      Число акций ао, млн   NaN   NaN 1 111  1 111  1 111      1 111      1 111      1 111      1 111      1 111      1 111      1 111      2 445      2 445      3 976      3 976      3 976      3 976
                  Капитализация, млрд руб  0.00  0.00  88.8   55.8   50.0       93.0       35.8       62.3      169.9      153.8      112.4      114.9      174.6      144.1       97.7      138.9      234.0      297.0
                             EV, млрд руб  0.00  0.00  88.8   55.8   50.0       74.3      183.6      265.3      276.0      212.6      742.5      662.8      832.8      848.6      601.3      769.2      831.6      915.2
               Баланс стоимость, млрд руб  0.00  0.00  0.00   0.00   0.00       54.5      -22.9      -45.5       32.3       56.8      -72.4      -11.0     -110.2     -141.7      -93.9      -93.0      -76.9      -10.2
                                 EPS, руб   NaN   NaN  0.00   13.0   4.68       6.57      -15.4      -5.85       35.0       20.8       5.13       12.2      -46.2      -14.1      -10.4       2.59       14.7       46.6
                           FCF/акцию, руб   NaN   NaN  0.00   0.00   0.00       0.00       15.7       27.8       75.6       55.6      103.5       95.5       3.72       39.2      -6.26      -0.66       4.81      -3.03
                            BV/акцию, руб   NaN   NaN  0.00   0.00   0.00       49.1      -20.6      -40.9       29.1       51.2      -65.2      -9.86      -45.1      -58.0      -23.6      -23.4      -19.3      -2.56
                         Рентаб EBITDA, %   NaN   NaN   NaN  12.0%   8.3%      10.9%       7.8%      14.1%      15.7%      10.5%      24.8%      24.9%       8.9%      23.7%      27.3%      52.0%      25.0%      38.6%
                         Чистая рентаб, %   NaN   NaN   NaN   9.1%   2.1%       2.5%      -5.3%      -1.6%       7.8%       4.3%       0.9%       2.0%     -37.4%      -7.0%     -10.0%       1.7%       6.8%      23.0%
                        Доходность FCF, %  0.0%  0.0%  0.0%   0.0%   0.0%       0.0%      48.8%      49.6%      49.4%      40.2%     102.3%      92.3%       5.2%      66.5%     -25.5%      -1.9%       8.2%      -4.1%
                                   ROE, %   NaN   NaN   NaN    NaN    NaN      13.4%     126.7%      18.0%      95.2%      35.2%      -9.0%    -798.6%     104.8%      24.9%      45.3%     -12.0%    -105.0%        NaN
                                   ROA, %   NaN   NaN   NaN    NaN    NaN        NaN      -6.2%      -2.1%      13.0%       7.1%       0.6%       1.4%     -11.1%      -3.1%      -4.3%       0.9%       5.1%      16.3%
                                      P/E   NaN   NaN   NaN   3.87   9.61       12.7      -2.09      -9.59       4.38       6.67       19.7       8.51      -1.55      -4.18      -2.36       13.5       4.00       1.60
                                    P/FCF   NaN   NaN   NaN    NaN    NaN        NaN       2.05       2.02       2.02       2.49       0.98       1.08       19.2       1.50      -3.92      -53.2       12.2      -24.7
                                      P/S   NaN   NaN   NaN   0.35   0.20       0.32       0.11       0.15       0.34       0.29       0.18       0.17       0.58       0.29       0.24       0.23       0.27       0.37
                                     P/BV   NaN   NaN   NaN    NaN    NaN       1.71      -1.56      -1.37       5.26       2.71      -1.55      -10.5      -1.58      -1.02      -1.04      -1.49      -3.04      -29.2
                                EV/EBITDA   NaN   NaN   NaN   2.94   2.39       2.34       7.40       4.52       3.54       3.80       4.90       3.92       30.9       7.28       5.33       2.42       3.88       2.94
                              Долг/EBITDA   NaN   NaN   NaN   0.00   0.00      -0.59       5.96       3.46       1.36       1.05       4.16       3.24       24.4       6.05       4.46       1.98       2.79       1.98
                            Персонал, чел   NaN   NaN   NaN 28 400 28 800     30 500     32 200     34 000     36 600     38 900     41 111     41 296     36 600     36 100     32 300     31 500        NaN        NaN
Производительность труда, млн руб/чел/год   NaN   NaN   NaN   5.56   8.78       9.54       9.93       12.2       13.5       13.7       14.9       16.4       8.26       13.6       12.8       19.4        NaN        NaN
                   Расходы/чел/год, тыс.р   NaN   NaN   NaN   0.00   0.00       0.00      1 620      1 636      1 767      2 129      2 016      2 238      1 787      1 896      2 186      2 460        NaN        NaN
                             R&D/CAPEX, %   NaN   NaN   NaN    NaN    NaN        NaN      0.00%      0.00%      0.00%      0.00%      0.00%      0.00%      0.00%      0.00%      0.00%      0.00%      0.00%          0
                         CAPEX/Выручка, %   NaN   NaN   NaN     0%     0%         0%         2%         2%         2%         1%         6%         4%         5%         4%         2%        16%        11%        14%
- **Месячные макроэкономические данные России (2024-2025):**  
      Дата Инфляция (CPI, %, год к году) Ключевая ставка (%) Уровень безработицы (%) Обменный курс USD/RUB (ср. за месяц)
2024-01-01                           7.5                16.0                     2.8                                 88.9
2024-02-01                           7.7                16.0                     2.7                                 90.7
2024-03-01                           7.7                16.0                     2.7                                 91.8
2024-04-01                           7.8                16.0                     2.6                                 92.5
2024-05-01                           8.1                16.0                     2.6                                 91.6
2024-06-01                           8.3                18.0                     2.5                                 88.8
2024-07-01                           8.5                18.0                     2.5                                 86.6
2024-08-01                           8.6                19.0                     2.5                                 91.5
2024-09-01                           8.5                19.0                     2.5                                 92.5
2024-10-01                           8.8                19.0                     2.5                                 95.5
2024-11-01                           9.1                19.0                     2.5                                 97.5
2024-12-01                           9.5                21.0                     2.4                                104.2
2025-01-01                           9.9                21.0                     2.3                                 98.0
2025-02-01                          10.1                21.0                     2.4                                 91.0
2025-03-01                           9.9                21.0                     2.5                                 85.0
- **Годовые макроэкономические данные России (2024-2025):**  
 Год Рост ВВП (%) Инфляция (CPI, %, дек к дек) Уровень безработицы (%) Ключевая ставка (%) Торговый баланс (млрд USD) Бюджетный дефицит (% ВВП)  MOEX (конец года) Обменный курс USD/RUB (ср. за год)  Индекс доверия потребителей (%)
2024          3.6                          9.5                     2.4                21.0                       70.0                       1.7               3500                              104.2                               45
2025          1.5                          7.5                     2.4                21.0                       70.0                       0.6               4000                               90.0                               50

**Индикаторы:**
- SMA: 50, 100, 200
- EMA: 50, 100, 200
- MACD: (24, 52, 9)
- ADX: 20
- RSI: 21
- Stochastic: (21, 5, 5)
- OBV, VWAP

**Задача:**
1. Проанализируй тренд (ADX), импульс (MACD), перекупленность/перепроданность (RSI, Stochastic), потоки капитала (OBV) и справедливую цену (VWAP).
2. Сравни ценовую динамику с финансовыми показателями МСФО (Чистая прибыль, Активы, EV/EBITDA).
3. Учти макроэкономику: инфляция, ключевая ставка, курс USD/RUB.
4. Спрогнозируй движение цены на 1-3 месяца (рост, падение, боковик) с вероятностью основного сценария (%).
5. Определи уровни поддержки и сопротивления.
6. Дай рекомендацию по акции (Активно продавать, Продавать, Держать, Покупать, Активно покупать) на основе всех данных.
7. Дай рекомендацию на основе индикаторов (ADX, RSI, MACD, Stochastic) с обоснованием.

**Формат ответа:**
- Прогноз: [направление] (вероятность X%)
- Поддержка: [уровень], Сопротивление: [уровень]
- Рекомендация (все данные): [действие]
- Рекомендация (индикаторы): [действие] — [обоснование]
- Комментарий: [краткое обоснование с учётом индикаторов, МСФО и макроэкономики]

**Правила:**
- Используй только предоставленные данные.
- Ответ не более 500 токенов.
- Входной промпт до 50,000 токенов.
