
Ты финансовый аналитик, прогнозирующий цену акции (тикер: SBER) на 1-3 месяца по данным за год (daily), МСФО и макроэкономике России.
Текущая цена:299.96
Данные (год, daily, дата|close|SMA_20|SMA_50|MACD|ADX_14|RSI_14|VWAP, |, 
):
date|close|SMA_20|SMA_50|MACD|ADX_14|RSI_14|VWAP
2024-05-03|307.53|307.53|307.53|0.0|0.0||307.53
2024-05-06|306.01|306.77|306.77|-0.12125356125352482|0.0|0.0|306.9423398698705
2024-05-07|308.22|307.25333333333333|307.25333333333333|-0.038574686893753096|0.0|59.24932975871382|307.2626217279768
2024-05-08|311.21|308.2425|308.2425|0.2651603250621406|0.0|77.38095238095255|308.59779564385104
2024-05-10|313.49|309.29200000000003|309.29200000000003|0.681987923317422|0.0|83.11111111111131|309.29743028924304
2024-05-13|314.85|310.2183333333333|310.2183333333333|1.109280338778774|0.0|85.32818532818553|310.1672908888412
2024-05-14|318.12|311.34714285714284|311.34714285714284|1.6922669282282072|0.0|88.84812912692603|311.7797215316613
2024-05-15|319.7|312.39125|312.39125|2.2557775959937203|0.0|90.00657462195934|312.8902989391482
2024-05-16|322.91|313.56|313.56|2.927636066795799|0.0|91.74809989142247|314.10320501730064
2024-05-17|323.16|314.52|314.52|3.4406005545547487|0.0|91.85859667916453|314.97166695559974
2024-05-20|321.08|315.11636363636364|315.11636363636364|3.637360759442231|0.0|82.6506024096385|315.7423298693654
2024-05-21|320.64|315.57666666666665|315.57666666666665|3.714966495357544|0.0|80.93440302029254|316.2546825356215
2024-05-22|322.93|316.1423076923077|316.1423076923077|3.9161109722671767|0.0|82.79386712095398|316.61677934965223
2024-05-23|323.54|316.6707142857143|316.6707142857143|4.077735722298712|0.0|83.22955583229553|316.95872423979523
2024-05-24|321.0|316.95933333333335|316.95933333333335|3.955273794576442|0.0|75.2910251595944|317.2355043679138
2024-05-27|317.09|316.9675|316.9675|3.5023446626621535|0.0|69.09028256374901|317.22017929393377
2024-05-28|318.22|317.0411764705882|317.0411764705882|3.1977153466305595|0.0|67.8954903364351|317.2851979770657
2024-05-29|320.38|317.2266666666667|317.2266666666667|3.09491214635932|0.0|66.91257838435993|317.43123080496076
2024-05-30|316.63|317.1952631578947|317.1952631578947|2.6799533752481466|0.0|55.49335199440163|317.38915122629277
2024-05-31|313.11|316.991|316.991|2.0435047269388065|0.0|47.16981132075472|317.01542495975497
2024-06-03|310.95|317.16200000000003|316.7033333333334|1.3492671280989157|0.0|37.900776240297034|316.4153478215929
2024-06-04|316.49|317.68600000000004|316.69363636363636|1.231909839798675|0.0|45.221792200059596|316.419097790293
2024-06-05|314.72|318.011|316.60782608695655|0.9847278066313265|0.0|37.262830482115156|316.3502753157665
2024-06-06|313.08|318.10450000000003|316.46083333333337|0.649018489401783|0.0|34.97316636851524|316.22060696243915
2024-06-07|319.9|318.425|316.5984|0.9226477310094197|0.0|48.45872518286311|316.4362673565196
2024-06-10|317.28|318.5465|316.62461538461537|0.9175122623999528|0.0|45.8477508650519|316.46457249611854
2024-06-11|317.8|318.53049999999996|316.6681481481482|0.9445142483907603|0.0|43.37037994313779|316.4978437768196
2024-06-13|317.71|318.431|316.70535714285717|0.9477264682025179|25.010526875583423|42.36311239193082|316.55694763486895
2024-06-14|319.35|318.25300000000004|316.79655172413794|1.0702690738305023|24.22150550007499|47.78642339683396|316.6260846711703
2024-06-17|317.65|317.9775|316.825|1.0184689036092323|23.48884279424573|50.798630918425566|316.64401838265877
2024-06-18|314.34|317.64050000000003|316.7448387096774|0.7022326573834334|23.467271329823767|44.79054779806655|316.5879866840334
2024-06-19|310.7|317.1435|316.5559375|0.15609619487167947|24.228674919698328|37.50000000000006|316.3259339110673
2024-06-20|314.15|316.70449999999994|316.4830303030303|0.0016463032186493365|25.123077429315007|46.77251431546069|316.1707450229874
2024-06-21|314.14|316.23449999999997|316.41411764705884|-0.12017792873990629|25.606497710309046|51.47522199942705|316.11441718496417
2024-06-24|317.25|316.04699999999997|316.438|0.03383645281661529|25.279981169406636|58.78416062465139|316.14556745373324
2024-06-25|319.8|316.1825|316.53138888888884|0.35753619389004143|24.755270199269496|55.03498630970488|316.23145830487584
2024-06-26|324.55|316.499|316.7481081081081|0.985989994515819|23.202619318494577|63.70990237099014|316.5394087819693
2024-06-27|327.16|316.838|317.0221052631579|1.675337103330662|21.970397859146022|69.12004345464419|316.95524129095395
2024-06-28|327.15|317.364|317.2817948717949|2.1955339879767166|21.09790495643779|62.079306897700675|317.2891604944101
2024-07-01|327.1|318.06350000000003|317.52725|2.57408671540054|20.287732975351577|67.89358600583088|317.53475900923866
2024-07-02|328.37|318.93449999999996|317.79170731707313|2.9426498298733463|19.535430421485806|68.74778290173812|317.71274590640695
2024-07-03|328.2|319.52|318.0395238095238|3.184314380188198|19.168841978055216|68.55323664662181|317.9682193595927
2024-07-04|324.66|320.01699999999994|318.19348837209304|3.0549710577261635|18.005535113196938|58.80013258203513|318.16868702586555
2024-07-05|325.0|320.61299999999994|318.3481818181818|2.9459417189571013|17.152255898759183|62.75598750433883|318.3658056370373
2024-07-08|324.07|320.8215|318.4753333333333|2.7527598527538544|16.250110311317798|68.40711312902012|318.47660413985966
2024-07-09|319.99|320.957|318.5082608695652|2.244565970654378|16.648567710312502|67.28693710457767|318.5319074922905
2024-07-10|316.68|320.901|318.4693617021276|1.5567836872926932|17.526651272189333|54.7325102880659|318.4276152893335
2024-07-11|295.87|319.809|317.99854166666665|-0.6598751807233612|20.732856240389328|30.780559646539047|316.24891661052516
2024-07-12|292.21|318.452|317.4722448979592|-2.6810195909271783|23.609735897822322|23.960066555740397|315.57735184986575
2024-07-15|284.38|316.7885|316.8104|-4.858599746033576|26.621260760133087|16.810344827586164|314.58601876033174
2024-07-16|285.25|315.334|316.3648|-6.439910696660718|29.67910038151253|10.286984640258638|313.32725990736515
2024-07-17|284.68|314.033|315.9382|-7.650910322403774|31.70244993723004|5.227655986509191|312.7058301745414
2024-07-18|289.83|312.817|315.5704|-8.101683130921515|33.60656592253641|14.511220996576554|312.3175118299757
2024-07-19|289.9|311.605|315.1442|-8.356941791373629|34.86653271432923|14.638783269961863|311.97649159750057
2024-07-22|294.71|310.478|314.7686|-8.077991262766318|35.578525023899054|20.021375133594532|311.698362801221
2024-07-23|294.39|309.2075|314.35940000000005|-7.792910463854412|36.13510883508923|19.968022739385276|311.5150156152268
2024-07-24|295.69|307.7645|313.9108|-7.3770447614151635|36.40765483022235|23.200740055504113|311.3315921912272
2024-07-25|296.37|306.225|313.4442|-6.9129101539608655|36.526605795545244|23.68082368082368|311.1718791355032
2024-07-26|293.3|304.5325|312.852|-6.715392610753497|36.061932344678674|22.784362285512117|310.4905331723628
2024-07-29|286.58|302.5065|312.12039999999996|-7.0201820841865015|36.3017761177209|21.767787730268708|309.94044570544276
2024-07-30|290.0|300.588|311.49879999999996|-6.906154667825547|36.676587108386514|27.496626180836714|309.5748849801767
2024-07-31|289.3|298.643|310.872|-6.793954786997801|37.02462588543316|41.613479703855|309.3506151006918
2024-08-01|287.21|296.77049999999997|310.1576|-6.795348558007447|37.443814245391636|43.351063829787236|309.1761872369308
2024-08-02|286.04|294.8225|309.4076|-6.812334007567642|38.09337338170276|52.68261150614096|308.885779076955
2024-08-05|275.49|292.3935|308.4974|-7.589603701581154|39.427699845686|37.98621368783851|307.7792456984936
2024-08-06|279.4|290.364|307.7436|-7.800175641887165|40.666717276527585|43.99454049135574|307.2887584892457
2024-08-07|282.2|288.64|307.0232|-7.652900943928785|41.27456855703473|40.831530881999534|306.8155625417435
2024-08-08|281.09|287.90099999999995|306.23740000000004|-7.538849246737129|41.3009826041248|39.67174677608441|306.39796586222405
2024-08-09|281.44|287.3625|305.5336|-7.335659464074297|41.365188475980574|32.62634197433887|306.1867926841667
2024-08-12|280.74|287.18050000000005|304.8862|-7.148708386898875|41.59461682194807|32.304900181488264|305.92152297752244
2024-08-13|283.92|287.11400000000003|304.3456|-6.667094769318112|41.0530022255423|35.451174289246026|305.7245793297729
2024-08-14|280.32|286.896|303.6222|-6.500963362161485|40.45258735484094|31.496426100991485|305.5205813709389
2024-08-15|278.01|286.305|302.888|-6.480991879492706|40.33435419099011|32.058202299929604|305.23257667212863
2024-08-16|274.6|285.53999999999996|302.1184|-6.663510041168308|40.5102110175116|34.758269720101836|304.94229184156893
2024-08-19|268.17|284.21299999999997|301.0838|-7.243505637453552|41.54607611309465|24.202316237296174|304.0515147540885
2024-08-20|266.2|282.8035|300.0622|-7.772522066025147|42.63466001357183|23.49701698026618|303.33995940709906
2024-08-21|266.93|281.3655|299.0448|-8.040184258598003|43.64548792115779|25.982946470866935|302.8777027615687
2024-08-22|261.6|279.627|297.9226|-8.58345025837906|44.87033959223326|23.652436394997878|302.2123840157833
2024-08-23|259.5|277.937|296.7256|-9.078790283753051|46.31564984562913|28.92169786448723|301.1376508964855
2024-08-26|265.39|276.87749999999994|295.6804|-8.893557650826665|46.51715127529093|32.44800801804064|300.5611816907232
2024-08-27|260.5|275.4025|294.60360000000003|-9.03716675436499|46.85460137384408|24.166666666666714|300.14736680737667
2024-08-28|262.47|274.06100000000004|293.63899999999995|-8.889542356802451|47.555313394438336|28.27811479234728|299.5800708270755
2024-08-29|260.31|272.716|292.56219999999996|-8.844884582566294|47.74818426874727|26.348779941795442|299.15483993113367
2024-08-30|254.45|271.1365|291.3684|-9.17656427987339|48.2842263854614|23.62030905077266|298.5224311497251
2024-09-02|244.31|269.5775|289.9096|-10.140739948363318|49.48433449957976|15.125902447614052|296.94563461163085
2024-09-03|244.04|267.8095|288.3944|-10.802122709164678|50.728832003708526|16.068088290310556|295.3314264388968
2024-09-04|253.01|266.35|286.9636|-10.481643416810527|51.057952060893186|29.208250166334025|294.4853547586363
2024-09-05|252.82|264.9365|285.4768|-10.126263419475436|50.35842420406364|30.86115992970123|293.57866769968786
2024-09-06|254.77|263.603|284.0292|-9.576877228748799|49.777825060384764|37.21861884776805|293.13964547402895
2024-09-09|263.31|262.7315|282.7534|-8.356054689247856|47.69456865532874|47.55043227665707|292.60940098848283
2024-09-10|261.29|261.6|281.4118|-7.465483700302741|45.56279299985899|45.32183145321832|292.12911421370393
2024-09-11|258.2|260.494|280.0118|-6.929161886168458|43.729289874130906|47.070985527222575|291.78867058193333
2024-09-12|254.93|259.34000000000003|278.6172|-6.690856625679601|42.56498572713794|46.1408545853741|291.3463198556645
2024-09-13|258.25|258.52250000000004|277.2822|-6.163057841813043|41.90888452271382|43.6970338983051|290.4203735221085
2024-09-16|263.79|258.30350000000004|276.0766|-5.237368676768767|40.4664125596309|52.8713562576366|290.072210977166
2024-09-17|265.99|258.293|274.9966|-4.27692994430646|38.668543446308846|53.0598052851182|289.7327754112838
2024-09-18|263.4|258.1165|273.93100000000004|-3.6823192001345433|36.82673771353266|52.66609145815355|289.45604164740627
2024-09-19|264.5|258.26149999999996|273.3036|-3.086743042163505|35.2318907082792|59.44726452340665|289.2421418719598
2024-09-20|269.08|258.7405|272.841|-2.219590860936478|33.19690031698011|76.00251942053323|289.0561282667337
2024-09-23|273.17|259.1295|272.6168|-1.1886358373433836|31.10516945874982|78.30903790087461|288.8715470310431
2024-09-24|272.92|259.7505|272.3702|-0.38730485490049205|29.185277574478615|73.29744909899367|288.7339760512744
2024-09-25|267.8|260.017|272.0326|-0.16350075350044335|27.353001998457348|65.71548468317246|288.5223061707347
2024-09-26|267.88|260.39549999999997|271.5936|0.020089363020986184|25.96316140496862|64.3153526970954|288.37147099565453
2024-09-27|268.07|261.0765|271.157|0.17885552994772524|24.67259513958623|56.35683760683759|288.2839765685875
2024-09-30|268.49|262.28549999999996|270.6326|0.33471101081687493|22.950081472850353|60.04464285714281|288.09379657902605
2024-10-01|266.29|263.398|270.07059999999996|0.27750705980758994|22.084866328686843|61.573676680972845|287.8399679932956
2024-10-02|259.31|263.713|269.343|-0.32728244095244463|22.09940664071087|55.66476978789444|287.54660830070907
2024-10-03|264.25|264.2845|268.7006|-0.40331658039747253|22.291876361738808|57.44786494538231|287.2590802662439
2024-10-04|264.09|264.7505|268.1164|-0.47105481978718444|22.25327887845476|50.42979942693403|287.1283520199771
2024-10-07|263.39|264.7545|267.6526|-0.5745983997103394|21.857992864906766|46.1077844311377|286.98014992973935
2024-10-08|262.4|264.81|267.1006|-0.7281485161776118|21.4909415666122|48.42767295597485|286.8947392880761
2024-10-09|260.86|264.943|266.5318|-0.9630023280403179|21.542769925885718|44.35483870967744|286.75544967848367
2024-10-10|259.98|265.1955|265.98720000000003|-1.206229646986401|21.70526153058932|34.05746320953055|286.6546248982909
2024-10-11|256.94|265.13|265.4052|-1.62555327696424|22.206357092297065|20.480174608948687|286.49816775972715
2024-10-14|261.28|265.0045|265.121|-1.5893475366111147|21.641829533394286|31.570614312856165|286.1596809019872
2024-10-15|262.03|264.8065|264.7736|-1.4830399333531545|21.11762537155599|39.397280411613295|286.02800214658146
2024-10-16|259.5|264.61150000000004|264.3196|-1.5846731224432915|20.905768160664337|35.873229939312196|285.80808391420106
2024-10-17|256.57|264.21500000000003|263.82919999999996|-1.879973505662747|21.163089371786203|32.253086419753075|285.66017948549154
2024-10-18|257.19|263.6205|263.3442|-2.0404513158128452|21.68793036048302|32.66871165644169|285.48591912100864
2024-10-21|258.21|262.8725|262.8936|-2.0615612660351417|21.877880663657|37.141947803946444|285.3670299208626
2024-10-22|255.42|261.9975|262.3236|-2.277170927707516|22.341763194490017|42.85714285714281|285.2636474198438
2024-10-23|252.01|261.20799999999997|261.7574|-2.692168002491144|23.42597194782113|26.186770428015492|285.0602512982562
2024-10-24|252.64|260.446|261.25|-2.9363717733046997|24.597541078346772|28.123805884600614|284.8738292075076
2024-10-25|246.35|259.36|260.685|-3.5960029695453954|26.297345922908654|23.173803526448296|284.2630491543553
2024-10-28|242.56|258.0635|260.1728|-4.374164129340301|28.322228701486043|21.296296296296234|283.6810451794622
2024-10-29|242.66|256.88199999999995|259.702|-4.926009321437846|30.37188015945278|22.52415458937189|283.30936013547137
2024-10-30|241.45|255.98899999999998|259.19239999999996|-5.398754023834073|31.713322449649258|22.301943198804082|282.9913178670611
2024-10-31|237.9|254.6715|258.7184|-5.9908046707389815|33.46664815179195|21.96702002355704|282.5039596167253
2024-11-01|238.03|253.36849999999998|258.289|-6.376020366510744|35.24693077336026|10.924369747899092|282.10166946939665
2024-11-02|238.97|252.14749999999998|257.76059999999995|-6.530180579819046|36.587163380534584|11.489645958583765|281.9818596410595
2024-11-05|239.23|250.98899999999998|257.3352|-6.555802620675195|37.41150156952108|13.3718829056739|281.7584284882114
2024-11-06|243.6|250.12600000000003|256.95779999999996|-6.152562879230004|36.04545278006541|27.72243215389895|281.2075226945456
2024-11-07|250.93|249.67349999999996|256.7702|-5.181790285456884|34.210062988060635|41.26186487995533|280.9635801671748
2024-11-08|255.98|249.62550000000002|256.8008|-3.959312722979888|32.04203013456092|47.20200752823087|280.7031353792441
2024-11-11|260.73|249.59799999999996|257.1292|-2.577493405107816|30.911822568322375|56.35015546519976|280.4628577097669
2024-11-12|255.77|249.285|257.36379999999997|-1.8611678038677724|29.606393921965115|54.3357933579336|280.28496014201977
2024-11-13|254.7|249.045|257.3976|-1.364090278065845|28.13565514889931|52.35159817351598|280.0859231928595
2024-11-14|249.52|248.69250000000002|257.3316|-1.3723162589553226|26.52465018699405|53.71281330522372|279.8264847501529
2024-11-15|253.43|248.50449999999995|257.3048|-1.051213352142753|25.125454994166773|62.69563186171456|279.6259591252064
2024-11-18|248.72|248.03000000000003|257.013|-1.1633838570372461|23.96333864102014|56.389708983551245|279.3544979477338
2024-11-19|240.59|247.28850000000003|256.599|-1.8865558040966164|24.090827345453565|49.20868605079133|278.8624125567888
2024-11-20|237.05|246.5405|256.176|-2.7140374628571067|24.806144906647944|49.21774341984172|278.37346218484504
2024-11-21|240.47|245.93199999999996|255.8868|-3.0585995890899085|25.555317201515578|52.117320374869834|277.9058604162649
2024-11-22|236.0|245.4145|255.4418|-3.650281031704367|26.23577145261507|47.5715453802126|277.5943243635654
2024-11-25|227.81|244.677|254.72220000000002|-4.725583802622168|27.68079714784921|41.73422119281993|276.9815948070407
2024-11-26|223.16|243.702|253.8656|-5.885144847613361|29.526382732612824|35.26528258362168|276.15597074977774
2024-11-27|226.3|242.9445|253.12359999999998|-6.476081337590955|31.388884077381142|31.103268375019198|275.282985594914
2024-11-28|228.56|242.47749999999996|252.4048|-6.684979370050996|32.36128213723966|28.021801859570388|274.7946051489177
2024-11-29|236.49|242.40050000000002|251.753|-6.139871226023359|31.67440093463826|31.513117754728484|274.3841282707568
2024-12-02|235.17|242.2105|250.993|-5.748121298639575|30.717732023708294|33.36563307493539|274.11614605048266
2024-12-03|230.8|241.789|250.15059999999997|-5.7242930501350315|30.325995565075992|31.677399570683846|273.82097222884863
2024-12-04|224.55|240.83649999999997|249.28560000000002|-6.138965584211121|30.59536843550845|31.16608839945694|273.29028146786544
2024-12-05|233.48|239.96400000000003|248.59760000000003|-5.681527078610202|30.990155224064498|36.011779554059714|272.78178858462894
2024-12-06|237.84|239.05700000000002|247.993|-4.9105820719017|30.46783650798841|42.333709131905294|272.37061171680745
2024-12-09|237.29|237.88500000000005|247.36899999999997|-4.294478923376232|29.566591639455975|47.39665509624486|272.10541872357646
2024-12-10|230.82|236.6375|246.65959999999998|-4.2789624517579625|29.436550925527552|45.30236766701853|271.7591109433164
2024-12-11|234.19|235.612|246.1572|-3.949210658304821|29.46811693236961|45.26109266525807|271.4140514892684
2024-12-12|229.02|234.587|245.4526|-4.0582745163309255|29.18654515848564|44.78793309438472|271.0620723645989
2024-12-13|228.7|233.3505|244.74480000000003|-4.123002330837636|29.00627873260752|50.75308850905398|270.78967021647077
2024-12-16|225.53|232.19099999999997|243.9876|-4.37960671735047|29.249845895593126|52.056934559972234|270.44780269500944
2024-12-17|226.5|231.48649999999998|243.2696|-4.453361074677019|29.552362204615807|50.180375180375165|270.1705529560639
2024-12-18|230.15|231.1415|242.6554|-4.169227182842548|29.082938804430768|51.398909026922404|269.85364012593254
2024-12-19|229.0|230.56800000000004|242.0358|-3.9908404905751524|27.795967074384826|42.51748251748251|269.17383274424265
2024-12-20|257.6|231.648|242.04899999999998|-1.5241176918975725|27.987042527976843|64.50278029225399|268.8199010593168
2024-12-23|264.9|233.5025|242.1214|1.0082049303358644|28.939829303448317|71.24345875903312|268.73846501103566
2024-12-24|264.34|235.56150000000002|242.1676|2.936056501255649|29.82455988067183|76.67962987796699|268.69202491381657
2024-12-25|271.69|237.831|242.4114|4.999346974184192|31.03412691623691|76.17481846828332|268.7387013885465
2024-12-26|269.56|239.881|242.6712|6.388997948995069|32.232121012472746|72.41379310344827|268.74634374624105
2024-12-27|271.2|241.6165|242.9514|7.535772952633266|33.25053862717059|73.59777313848295|268.761963650241
2024-12-28|272.83|243.49949999999998|243.24380000000002|8.478394132661691|34.318704721251585|81.34606775108192|268.7815289372404
2024-12-30|279.43|245.93100000000004|243.72400000000002|9.646790850545358|35.658267517020874|82.20387243735763|268.8491908017669
2025-01-03|272.25|248.31599999999997|244.1288|9.87950291326851|36.53278149681158|79.91695501730102|268.866788928165
2025-01-06|274.37|250.3605|244.5634|10.118357060265083|37.006098578746055|80.83727211343688|268.88553147232
2025-01-08|277.0|252.3185|245.1764|10.399985157652509|37.707881709521764|85.00884233437627|268.9113173875206
2025-01-09|271.8|254.04399999999995|245.76120000000003|10.087300787712138|37.88826576903587|79.13558013892462|268.92945288932856
2025-01-10|278.77|256.4415|246.48339999999996|10.283376557272106|38.121822852567234|79.99013076733283|269.01177408970716
2025-01-13|279.8|258.72200000000004|247.2504|10.401972940177814|38.77034496843646|81.38127007659996|269.095592573007
2025-01-14|279.85|261.26349999999996|248.0894|10.380337936013575|39.113960772692785|71.23496850543998|269.1530403428765
2025-01-15|282.77|263.967|248.9842|10.478027457696726|39.13387432570532|68.61070610289524|269.23605720483
2025-01-16|281.8|266.7805|249.84080000000003|10.35777819454023|39.268055970754936|68.02973977695173|269.307305725731
2025-01-17|283.53|269.632|250.72679999999997|10.283534148539673|39.15518439917732|63.83177570093458|269.39141161248574
2025-01-20|278.19|272.034|251.4186|9.6821915581001|38.440011655277296|59.3783960008694|269.4590365594026
2025-01-21|281.85|274.6765|252.037|9.39268164754941|37.47763055993954|61.0868207370394|269.5155132019524
2025-01-22|280.36|275.8145|252.52460000000002|8.939958137601707|36.877997456305366|57.861766548339986|269.57273187394156
2025-01-23|280.49|276.594|252.9198|8.493750736501966|35.65159118408949|51.279575084500244|269.6196968513595
2025-01-24|280.74|277.414|253.41920000000002|8.067306183087567|34.80551296582955|62.307915337779114|269.65943296996545
2025-01-27|275.23|277.591|253.8298|7.201717929750487|33.08006742970058|51.135163674762424|269.6834931013355
2025-01-28|278.35|278.03049999999996|254.4064|6.690368524090388|31.270141020570435|51.75918686473811|269.7207595378062
2025-01-29|280.36|278.4885|254.945|6.373837012258832|30.09256956574701|62.16600341102904|269.76646496481544
2025-01-30|281.97|278.9455|255.61|6.181638967236836|29.053460535950457|55.36552649228714|269.80386146104865
2025-01-31|280.73|279.0105|256.4128|5.861693046296693|28.36695957969614|51.54845154845157|269.8518437104879
2025-02-03|279.55|279.3755|257.2628|5.450092190331645|27.170827134383067|49.51861360718868|269.8838110079241
2025-02-04|277.4|279.527|258.0014|4.8939936030047875|25.52844682219698|41.164856860809465|269.903325479793
2025-02-05|282.88|279.821|258.93899999999996|4.839682816888285|24.4952979123575|51.54727793696273|269.96354143931393
2025-02-06|287.15|280.5885|260.1258|5.082605331276909|24.397881793589473|54.83440170940171|270.09102405265264
2025-02-07|285.81|280.94050000000004|261.3788|5.108113223390205|24.307423969019162|61.39354066985645|270.1373258624652
2025-02-10|289.94|281.4475|262.65160000000003|5.399344612101288|25.048155761494108|61.928634621055686|270.290379758372
2025-02-11|294.06|282.158|263.9616|5.894647328474889|25.735978140220844|68.74657909140666|270.43040472168167
2025-02-12|314.0|283.71950000000004|265.5118|7.806184814767903|28.170835365041246|79.73380656610469|271.26558726110966
2025-02-13|310.1|285.1345|267.0104|8.903757662265093|30.664425640105758|74.46666666666667|271.7284296689003
2025-02-14|309.87|286.4515|268.5918|9.643864506745615|32.08051496324249|81.6520467836257|272.2146998656465
2025-02-17|319.5|288.517|270.4908|10.882023834965423|33.51287836614947|83.60280908051605|272.61492314892376
2025-02-18|312.95|290.072|272.0802|11.205572894568263|34.38581324617172|74.77573361715065|272.9541459108176
2025-02-19|315.91|291.84950000000003|273.6416|11.567492267253442|35.19639563476381|75.28307508939211|273.16764168905746
2025-02-20|315.05|293.5775|275.1968|11.650620069018146|36.01197680632752|75.71171711117768|273.30394436738055
2025-02-21|314.74|295.27750000000003|276.8752|11.55824874482795|36.27329533152369|76.71170487323513|273.4365821085251
2025-02-24|316.03|297.3175|278.512|11.457066097729296|36.51594824777728|79.710813720966|273.5849251618433
2025-02-25|316.97|299.24850000000004|280.27099999999996|11.322212843190698|36.98347231932688|78.18753100711098|273.7485013845637
2025-02-26|310.22|300.74150000000003|281.90139999999997|10.549068978886226|35.700043148225014|68.32406671961877|274.0081063595075
2025-02-27|307.1|301.998|283.5328|9.574223284871152|33.942392694175126|66.44523404912715|274.2013917477629
2025-02-28|309.63|303.443|285.1954|8.903170695145775|32.04676337803041|65.59480437193092|274.423043239818
2025-03-01|310.11|304.971|286.7946|8.314247205245294|30.37781996794975|63.489662128088746|274.4269126352902
2025-03-02|307.44|306.473|288.3634|7.545099203696509|28.296640359201795|42.2311700615822|274.4328387785282
2025-03-03|305.5|307.604|289.3214|6.701748499307087|27.301523734577945|44.28713363139592|274.62823615194867
2025-03-04|316.4|309.0665|290.3514|6.834146112685062|26.04230634579456|56.41075986648337|274.9737088504073
2025-03-05|313.56|310.454|291.3358|6.6334417230218605|24.873033056209987|43.27140915269597|275.181849635113
2025-03-06|315.18|311.716|292.2056|6.5298306858438195|23.787279287310025|52.84366233103802|275.30082269740325
2025-03-07|316.92|312.859|293.1528|6.513043341207606|23.41933207010872|51.32929718346932|275.72584748379944
2025-03-10|317.57|313.0375|294.0802|6.477519998928926|23.07766679699323|53.33509793541555|275.87683079599145
2025-03-11|319.69|313.517|295.0174|6.544987237896578|22.95689885106404|56.25157868148521|276.1363896956529
2025-03-12|318.39|313.94300000000004|295.7966|6.419555732952233|22.84475718698693|52.979797979798|276.29754226255506
2025-03-13|316.37|313.78650000000005|296.679|6.086986254913768|21.98224980766513|49.262536873156314|276.58159965311944
2025-03-14|320.51|314.1645|297.6018|6.08731516807552|21.28866803447167|63.514578408195405|276.78583897004717
2025-03-15|320.74|314.406|298.4766|6.036549328893614|20.682275974821415|69.38601478112565|276.7915836819818
2025-03-16|323.44|314.8255|299.50939999999997|6.143367553706753|20.533049203191517|69.53323903818955|276.815370349298
2025-03-17|326.02|315.3895|300.4544|6.362859125241812|20.98418787706741|71.24165554072096|277.0732834470415
2025-03-18|324.06|315.791|301.3396|6.305960964760743|21.8262851911035|72.61839956450743|277.37735889588913
2025-03-19|325.3|316.2075|302.2486|6.288437209799724|22.179488435524178|77.46947835738078|277.54597570570166
2025-03-20|324.05|316.899|303.0742|6.103329570331141|22.364731941232805|64.49412656309218|277.71945903611
2025-03-21|323.26|317.707|303.9034|5.825728661114056|22.551298318637482|69.92604765817583|277.8343128151847
2025-03-24|319.47|318.199|304.6222|5.239508818723323|21.678553501445965|58.09128630705399|277.9548220143116
2025-03-25|319.8|318.6835|305.4544|4.746835052534323|20.322126108221802|55.737051792828694|278.1312236247739
2025-03-26|315.23|319.073|306.122|3.942183696659299|19.06258638594222|45.96829772570644|278.19770207192767
2025-03-27|311.96|319.396|306.75399999999996|3.0059789740033125|18.573399218590957|37.189260855154075|278.303629103179
2025-03-28|308.04|318.978|307.305|1.9255225220761645|19.237351520143623|34.21774931381519|278.4369262719619
2025-03-29|303.89|318.49449999999996|307.768|0.7260136492321294|20.28689265847863|32.13058419243981|278.44954403477095
2025-03-30|299.22|317.69649999999996|308.24780000000004|-0.5945817770614212|21.74997209626708|19.971791255289133|278.4659607582136
2025-03-31|309.72|317.3365|308.8752|-0.7848536150171981|21.70680789998223|37.94838145231845|278.5964037566867
2025-04-01|303.24|316.62|309.33279999999996|-1.441905868515164|21.22067810067632|29.595959595959584|278.6936252972801
2025-04-02|306.11|315.94100000000003|309.8156|-1.7113125529535864|21.008377541422217|30.006025306286432|278.7876597775951
2025-04-03|302.09|315.126|310.24280000000005|-2.223567789445724|21.564610907391113|28.813886210221767|278.89137433061984
2025-04-04|285.35|313.575|310.35880000000003|-3.9349521737122473|23.282738785900673|20.34149962880474|278.93967306281945
2025-04-05|284.98|311.7985|310.5104|-5.260453304704981|25.212217337802066|20.61080186550322|278.94684351642803
2025-04-06|290.35|310.279|310.6598|-5.8106270876228905|26.26169536234688|26.84025334271641|278.95524327883817
2025-04-07|287.56|308.485|310.668|-6.398021053297953|27.900531608762694|27.223411848679504|279.0449631193069
2025-04-08|282.03|306.2855|310.5924|-7.226457681068439|29.2855127977025|24.903654485049827|279.06116018730376
2025-04-09|293.4|304.7525|310.6616|-6.886156375976157|30.93940724254754|36.697135892748314|279.18985362502815
2025-04-10|292.21|303.098|310.6246|-6.6359926027445795|31.994355636044503|37.65161935725898|279.24237690633817
2025-04-11|299.81|301.886|310.3408|-5.758103690922155|32.21963471154917|45.08069336521219|279.3267767980741
2025-04-12|300.95|300.77049999999997|310.1578|-4.913739401706039|32.169347786978975|48.17708333333333|279.3348961614381
2025-04-13|301.49|299.87149999999997|309.9902|-4.1531264753776895|32.083674711420194|51.48346621356685|279.34224659572743
2025-04-14|296.5|298.7065|309.5302|-3.907938268420935|32.511751614685906|40.69014084507042|279.3906291465414
2025-04-15|297.99|297.84450000000004|309.231|-3.5524439379742603|32.909251596289785|46.023329798515384|279.4271506885643
2025-04-16|300.8|297.2865|308.9288|-3.00927950314599|32.63544996939078|45.97422289613344|279.47910308817217
2025-04-17|304.8|297.1245|308.7238|-2.2303412194127645|31.996034154283592|52.05521007128775|279.55570575583533
2025-04-18|300.01|296.93050000000005|308.42920000000004|-1.9767532054405024|31.923578914988646|63.579103371619055|279.6314128446949
2025-04-21|308.12|297.3755|308.271|-1.1085944685056006|30.853393857829843|68.74594944912502|279.74805852892456
2025-04-22|312.25|297.502|308.1766|-0.08632087724885196|28.770422585623717|68.10515873015868|279.91460475669606
2025-04-23|310.0|297.84000000000003|308.17220000000003|0.5361022598012823|26.989347781330384|68.71871871871868|280.05465103028115
2025-04-24|310.16|298.04249999999996|308.2334|1.0304098200565477|25.335492605915142|75.77423492761591|280.1119773140427
2025-04-25|316.69|298.77250000000004|308.3746|1.9268569419652408|24.094716144261906|73.41644882364768|280.26084694614696
2025-04-26|317.58|300.384|308.524|2.6782402204753453|23.301140729790443|75.66255310540156|280.2887335087048
2025-04-27|318.18|302.044|308.7388|3.284272815086183|22.564249273495516|71.64741927881214|280.29539506024827
2025-04-28|314.23|303.238|308.9134|3.406557351432639|21.13014294228023|64.67727674624228|280.4342800003503
2025-04-29|309.41|304.3305|308.7736|3.0790417334541758|20.3430052177596|57.99676898222941|280.5026888838654
2025-04-30|307.8|305.619|308.65840000000003|2.658919334941629|20.30831550836149|62.2453402687473|280.5903227248937
2025-05-02|299.96|305.947|308.354|1.6740494291560708|20.701096373547262|51.876547913888324|280.62004062573317

МСФО (показатели|годы, |, 
):
Показатель|2008|2009|2010|2011|2012|2013|2014|2015|2016|2017|2018|2019|2020|2021|2022|2023|2024|LTM
OP|н/д|н/д|н/д|н/д|н/д|н/д|н/д|н/д|н/д|н/д|н/д|н/д|н/д|н/д|н/д|н/д|н/д|2170
NP|24.4|97.7|181.6|315.9|347.9|362.0|290.3|222.9|541.9|748.7|831.7|845.0|761.1|1251|270.5|1509|1580|1619
P/E|20.5|19.0|12.8|5.61|5.96|6.25|4.21|10.2|7.14|6.74|5.04|6.78|8.00|5.28|11.8|4.06|3.99|4.19
P/B|н/д|н/д|н/д|н/д|1.28|1.20|0.61|0.95|1.42|1.47|1.09|1.28|1.21|1.17|0.55|0.93|0.88|0.89

Макро (месячные, 2024-2025, дата|CPI|Rate|USD/RUB, |, 
):
Date|CPI|Rate|USD/RUB
2024-01|7.5|16.0|88.9
2024-02|7.7|16.0|90.7
2024-03|7.7|16.0|91.8
2024-04|7.8|16.0|92.5
2024-05|8.1|16.0|91.6
2024-06|8.3|18.0|88.8
2024-07|8.5|18.0|86.6
2024-08|8.6|19.0|91.5
2024-09|8.5|19.0|92.5
2024-10|8.8|19.0|95.5
2024-11|9.1|19.0|97.5
2024-12|9.5|21.0|104.2
2025-01|9.9|21.0|98.0
2025-02|10.1|21.0|91.0
2025-03|9.9|21.0|85.0

Макро (годовые, 2024-2025, год|GDP|CPI|Unemployment|Rate|TradeBalance|BudgetDeficit|MOEX|USD/RUB|CCI, |, 
):
Year|GDP|CPI|Unemployment|Rate|TradeBalance|BudgetDeficit|MOEX|USD/RUB|CCI
2024|3.6|9.5|2.4|21.0|70.0|1.7|3500|104.2|45
2025|1.5|7.5|2.4|21.0|70.0|0.6|4000|90.0|50

Индикаторы:
SMA_20:простая скользящая (20 дней)
SMA_50:простая скользящая (50 дней)
MACD:(12,26,9)
ADX_14:сила тренда (14 дней)
RSI_14:относительная сила (14 дней)
VWAP:объёмно-взвешенная цена (дневная)
Задача:
1.Анализируй краткосрочный тренд (SMA_20), среднесрочный тренд (SMA_50), импульс (MACD), силу тренда (ADX_14), перекупленность/перепроданность (RSI_14), сравни close с VWAP.
2.Учти МСФО (NP, Assets, EV/EBITDA) и макро (GDP, CPI, Unemployment, Rate, TradeBalance, BudgetDeficit, MOEX, USD/RUB, CCI).
3.Прогноз на 1-3 месяца:направление (рост,падение,боковик), вероятность (%), поддержка/сопротивление.
4.Рекомендация:Активно продавать/Продавать/Держать/Покупать/Активно покупать (по всем данным и по индикаторам с обоснованием).
Формат ответа:
Текущая цена:[число]
Прогноз:[направление] ([число])
Поддержка:[число],Сопротивление:[число]
Рекомендация (все данные):[действие]
Рекомендация (индикаторы):[действие]|[обоснование]
Комментарий:[обоснование: индикаторы, МСФО, макро]
Правила:
Без Markdown

Текст должен быть поделен на абзацы.
