
Ты финансовый аналитик, прогнозирующий цену акции (тикер: SBER) на более чем 1 год по данным за 10 лет (weekly), МСФО и макроэкономике России.
Текущая цена:257.6
Данные (10 лет, weekly, дата|close|SMA_50|SMA_200|MACD|ADX_14|RSI_21|VWAP, |, 
):
date|close|SMA_50|SMA_200|MACD|ADX_14|RSI_21|VWAP
2015-05-04|75.5|75.5|75.5|0.0|0.0|0.0|75.5
2015-05-11|75.05|75.275|75.275|-0.019018867924515348|0.0|0.0|75.30308855912592
2015-05-18|74.35|74.96666666666665|74.96666666666665|-0.06538343894624177|0.0|0.0|74.93393761811492
2015-05-25|73.5|74.6|74.6|-0.14215635068411814|0.0|0.0|74.56431966226525
2015-06-01|70.61|73.80199999999999|73.80199999999999|-0.3318363507337665|0.0|0.0|73.73882085870639
2015-06-08|72.55|73.59333333333333|73.59333333333333|-0.41676261085098076|0.0|28.404099560761324|73.5573180261731
2015-06-15|71.56|73.30285714285715|73.30285714285715|-0.5325297449446253|0.0|24.80818414322249|73.25832042245051
2015-06-22|70.6|72.965|72.965|-0.6739823708405339|0.0|22.095671981776746|73.01231448098154
2015-06-29|70.67|72.71|72.71|-0.7942148241933893|0.0|22.711864406779696|72.76346357090614
2015-07-06|71.06|72.545|72.545|-0.8817739249376331|0.0|25.974025974026006|72.54551328930094
2015-07-13|75.52|72.81545454545454|72.81545454545454|-0.7681284377476203|0.0|50.072992700729905|72.87573915560584
2015-07-20|70.45|72.61833333333333|72.61833333333333|-0.8794803847477368|0.0|36.54768247202984|72.65033373822196
2015-07-27|72.3|72.59384615384616|72.59384615384616|-0.8972146581757556|0.0|42.24054316197865|72.60792066899529
2015-08-03|74.2|72.70857142857143|72.70857142857143|-0.8299040499480981|0.0|47.113676731793966|72.73118033055088
2015-08-10|74.43|72.82333333333332|72.82333333333332|-0.7580889860606703|0.0|47.648351648351664|72.83401277835108
2015-08-17|69.86|72.638125|72.638125|-0.8853709287895839|0.0|39.6778916544656|72.6406176538954
2015-08-24|74.82|72.7664705882353|72.7664705882353|-0.7857484647185373|0.0|48.94671623296157|72.84901770195091
2015-08-31|73.96|72.83277777777778|72.83277777777778|-0.7315294879531109|0.0|47.67652383826191|72.92178438752015
2015-09-07|74.1|72.89947368421052|72.89947368421052|-0.6754049764831791|0.0|47.896634615384606|72.96834187729274
2015-09-14|75.5|73.0295|73.0295|-0.5645101297962611|0.0|50.0|73.08297878392621
2015-09-21|74.97|73.12190476190476|73.12190476190476|-0.4870326236204363|0.0|49.24737290542459|73.16475446983925
2015-09-28|73.8|73.15272727272726|73.15272727272726|-0.4664218724968947|0.0|47.66355140186916|73.19031929287641
2015-10-05|85.77|73.70130434782608|73.70130434782608|0.05913442830151894|0.0|61.18997912317327|74.05850784101038
2015-10-12|88.52|74.31875|74.31875|0.6404483929229059|0.0|64.18418418418419|74.79746039203044
2015-10-19|90.45|74.964|74.964|1.23471215664307|0.0|66.60787771898883|75.45850902893491
2015-10-26|90.53|75.5626923076923|75.5626923076923|1.7604574745428323|0.0|70.65532973869763|76.1389105734517
2015-11-02|94.09|76.24888888888889|76.24888888888889|2.371036665484908|0.0|71.6091492776886|76.74651513950775
2015-11-09|93.4|76.86142857142856|76.86142857142856|2.8752519442117688|29.803806942554164|72.04279370205893|77.18654498064079
2015-11-16|107.3|77.91103448275862|77.91103448275862|3.900416860566324|31.893459864540798|79.36939820742637|78.58240470038805
2015-11-23|104.55|78.79899999999999|78.79899999999999|4.679976694107168|33.98969113257038|75.9975445058318|79.59309238890224
2015-11-30|103.05|79.58129032258064|79.58129032258064|5.292583318987909|35.05600778248309|74.1361098536291|80.278251484277
2015-12-07|98.15|80.1615625|80.1615625|5.611841611598592|35.106449882209056|66.96147504122322|80.85669080781857
2015-12-14|98.81|80.72666666666667|80.72666666666667|5.905428487663443|34.97465086842081|72.76083467094702|81.35929266743742
2015-12-21|101.34|81.3329411764706|81.3329411764706|6.2544365568509335|34.85226606990315|73.05493807557954|81.69763097180748
2015-12-28|101.26|81.90228571428571|81.90228571428571|6.541145023967559|34.73862304270819|72.12230215827338|81.85973211577296
2016-01-04|96.85|82.3175|82.3175|6.588831402708649|33.89514209711609|67.15641261095806|81.97679448854761
2016-01-11|87.27|82.45135135135135|82.45135135135135|6.206265966219917|31.94880708772999|62.373845060412215|82.11531637056247
2016-01-18|91.5|82.68947368421053|82.68947368421053|6.027628742924705|30.859783214861455|61.97931628842287|82.45700321569142
2016-01-25|96.5|83.04358974358973|83.04358974358973|6.062608382247731|28.69775929569526|65.279284164859|82.97213256778336
2016-02-01|97.2|83.39750000000001|83.39750000000001|6.104857954622773|26.690165656469507|65.54090419806244|83.34303415169349
2016-02-08|94.85|83.67682926829268|83.67682926829268|6.024510269020837|25.000429560375512|62.85372658429653|83.6348626600993
2016-02-15|102.39|84.12238095238095|84.12238095238095|6.253864324653165|23.95562537360129|66.66261545940691|84.166276500251
2016-02-22|106.24|84.63674418604651|84.63674418604651|6.600744966130989|23.5024872689058|69.09133709981168|84.57604508958029
2016-02-29|108.99|85.19022727272727|85.19022727272727|7.004132145443421|23.360904013240877|65.32875627145498|85.084053062724
2016-03-07|109.26|85.72511111111112|85.72511111111112|7.35151073619943|23.365743926582493|64.15506415506415|85.40550738828064
2016-03-14|112.4|86.30499999999999|86.30499999999999|7.769555297717915|23.680944036396532|64.73747817913254|85.98024523820419
2016-03-21|109.1|86.79|86.79|7.976716089770974|24.195549863519375|61.9513450894581|86.42104088426943
2016-03-28|108.52|87.24270833333333|87.24270833333333|8.111518161257138|24.257116894777024|59.657341721322446|86.81265762584019
2016-04-04|112.92|87.76673469387754|87.76673469387754|8.39233080820675|24.694421800184774|62.445804641673035|87.27467033125977
2016-04-11|119.3|88.3974|88.3974|8.885239420764535|25.88625513884194|58.46262341325811|87.95296417393001
2016-04-18|121.25|89.3124|89.04156862745099|9.377194775366235|27.51775548971354|61.911554921540656|88.75154602559343
2016-04-25|123.55|90.2824|89.70519230769231|9.88161353147666|29.052911065239915|64.45698166431593|89.32782073914525
2016-05-02|120.64|91.20820000000002|90.2888679245283|10.175346925281659|30.478412671085835|66.31838630097226|89.5778732564406
2016-05-09|121.07|92.15960000000001|90.85888888888888|10.422839667343638|31.99301912670388|66.20559114735002|89.92797881754642
2016-05-16|121.9|93.18539999999999|91.42327272727272|10.645554858112945|33.39943940692064|65.3478650343386|90.29200691370914
2016-05-23|133.2|94.39839999999998|92.1692857142857|11.288168216105362|35.58349228731005|70.42199488491048|90.97816441925795
2016-05-30|131.59|95.59899999999999|92.86087719298246|11.754940137660583|37.68452261597225|73.0371352785146|91.45565542988031
2016-06-06|133.5|96.85699999999999|93.56155172413793|12.213403310063342|39.970096480693954|84.1281559131847|91.99189152732913
2016-06-13|128.7|98.01759999999999|94.1571186440678|12.379534395337444|40.53681496762193|77.23279648609076|92.40854287333677
2016-06-20|133.4|99.26440000000001|94.81116666666667|12.68787675416398|41.49936577116795|77.13235294117646|92.8470498544869
2016-06-27|133.85|100.43099999999998|95.4511475409836|12.941562852191808|41.573105343619986|77.04797047970479|93.44622405490017
2016-07-04|134.41|101.7102|96.07951612903226|13.150745902439269|41.68482224957069|79.98787143723469|93.87024312771831
2016-07-11|138.12|103.0266|96.7468253968254|13.45303173966984|42.239931745264364|78.75422501207146|94.36496612193838
2016-07-18|137.8|104.29860000000001|97.38828125|13.6665028039059|42.75539056269421|76.92832764505121|94.6960970801403
2016-07-25|139.15|105.59299999999999|98.03076923076924|13.871284348912141|42.303969553371|76.36363636363637|95.1203823722356
2016-08-01|138.69|106.96959999999999|98.64681818181818|13.991256888456803|42.02640586219212|75.64035546262414|95.45768971856201
2016-08-08|139.45|108.2622|99.25582089552239|14.087349538518737|41.787582838529225|74.58643882930375|95.76393033850748
2016-08-15|135.8|109.499|99.79323529411764|13.975626731249733|41.04432647617027|74.11488439306362|96.08914447865858
2016-08-22|145.25|110.92199999999998|100.45202898550724|14.233926082305189|40.8739678403095|78.59255799470655|96.56553136457603
2016-08-29|146.88|112.3496|101.1152857142857|14.488514334726943|40.874754991330974|77.62772534982105|96.94261155388187
2016-09-05|151.6|113.8822|101.82633802816902|14.869644872652842|41.69334702107097|77.00668896321072|97.47877104432574
2016-09-12|147.0|115.34620000000001|102.45375|14.967748677555804|42.43121336831001|70.61649319455567|97.82652381642755
2016-09-19|151.5|116.6608|103.12561643835616|15.199601332982965|43.306491019007986|71.61639597834495|98.21607307817696
2016-09-26|145.34|117.79720000000002|103.69608108108109|15.098623792970969|43.48655672776222|68.18851251840944|98.57314297995006
2016-10-03|148.74|118.963|104.29666666666667|15.10734745364573|43.653760600176874|69.52165937632287|98.90044833124047
2016-10-10|146.73|120.08699999999999|104.85499999999999|14.984512332254724|44.00309113608233|67.23108952116586|99.20272274030742
2016-10-17|148.42|121.1736|105.42077922077921|14.901958636616499|44.26287607275888|62.18770019218451|99.44686484105466
2016-10-24|149.2|122.28960000000001|105.98205128205129|14.816854244518282|44.81384082389742|64.29151111832493|99.68605301758333
2016-10-31|142.75|122.99860000000001|106.44746835443038|14.424178871756567|43.5328041075829|56.991685563114146|99.90703111653112
2016-11-07|151.51|123.93779999999998|107.01075|14.403239303653521|43.11787770634551|66.2672942518899|100.42710675324382
2016-11-14|150.05|124.87780000000001|107.5420987654321|14.279514722068996|42.73258890519651|62.44952893674296|100.71617714875006
2016-11-21|160.36|126.12199999999999|108.18621951219512|14.562618878229827|43.337823673480855|67.27485989834487|101.20629493097269
2016-11-28|159.4|127.33380000000001|108.80325301204819|14.728709972315698|43.89982738688775|66.19992220925712|101.61320085806943
2016-12-05|169.66|128.7002|109.52773809523809|15.264913756069205|45.0770838151157|68.84560229445508|102.24204511204562
2016-12-12|173.9|130.153|110.28505882352941|15.872723101970053|46.57606455501639|70.60502283105023|102.96770680861532
2016-12-19|171.15|131.639|110.99279069767441|16.246662324863507|48.233131622539624|67.97752808988764|103.47084645610356
2016-12-26|173.25|133.3586|111.7083908045977|16.61741255818768|49.553001163236445|69.06443071491617|103.78897531678264
2017-01-02|170.69|134.9424|112.37863636363636|16.787269443815262|51.10025482998099|66.89744699264389|104.09757174237706
2017-01-09|164.9|136.31040000000002|112.96876404494381|16.642252877072508|51.407973655800234|65.38380207231972|104.57201889407726
2017-01-16|167.49|137.71620000000001|113.57455555555555|16.573095560621567|51.58867441691888|62.67669858641132|104.91246340665944
2017-01-23|178.92|139.3976|114.29263736263735|16.94491902142198|52.31049230364007|66.42739950779327|105.42022322399248
2017-01-30|173.8|140.8258|114.93945652173913|17.006541091937606|52.98075176988119|61.335784313725505|105.79198670411411
2017-02-06|165.5|142.011|115.4831182795699|16.65896111031276|52.40660519763833|59.102538870301125|106.12821535043075
2017-02-13|165.49|143.141|116.01510638297873|16.300540610020533|50.97631900915071|57.20168845876661|106.53084470576663
2017-02-20|165.51|144.266|116.53610526315789|15.934873131316493|49.75112409454574|61.08363556434774|106.7464656926298
2017-02-27|164.4|145.306|117.0346875|15.51613543694279|47.36074561716617|58.82750845546788|107.1677052129431
2017-03-06|157.5|146.274|117.45185567010309|14.806970261661206|45.082068512658495|55.75381985254836|107.42860918047245
2017-03-13|161.15|147.32659999999998|117.89775510204082|14.288722237772959|42.966154058472796|56.66143380429097|107.81642973871143
2017-03-20|164.52|148.3586|118.36868686868686|13.929220486095971|41.342455277823355|57.80517627878543|108.10272697379409
2017-03-27|159.8|149.1686|118.78299999999999|13.369422420691052|39.79382400656885|58.84244372990355|108.30128166589742
2017-04-03|161.49|149.9734|119.20584158415842|12.90490859397201|38.76054472859384|55.58540407432283|108.57292904987683
2017-04-10|149.24|150.4872|119.50029411764706|11.936988327468384|36.06556952506633|49.59552581643863|108.85986343308917
2017-04-17|159.59|151.2662|119.8895145631068|11.481502723001512|33.54483762039718|49.61565338923829|109.20776197646151
2017-04-24|165.2|152.1488|120.3251923076923|11.280709798524782|31.818295782916383|52.76664758633848|109.52295315066013
2017-05-01|165.8|153.0268|120.75828571428572|11.094254749766066|30.49100093558897|47.97183690626314|109.73454027691724
2017-05-08|167.7|153.7168|121.20113207547169|10.975999058299607|29.714646081504895|46.660202542555474|109.93895004376994
2017-05-15|168.87|154.4624|121.6466355140187|10.887623267866928|28.717055035538987|48.75054800526085|110.25331217914999
2017-05-22|160.7|155.0064|122.00824074074073|10.431219271452562|27.15563137195148|43.55153632720172|110.49972125822967
2017-05-29|157.14|155.5752|122.3305504587156|9.845221713052695|25.90401667931601|43.10853422846098|110.77836033274797
2017-06-05|150.13|155.9098|122.58327272727273|9.000454903350601|25.1199466026989|42.58012659499648|111.01056617158515
2017-06-12|141.63|156.0654|122.75486486486487|7.866180724185341|25.510380826013886|37.73710166919574|111.28975236766514
2017-06-19|144.1|156.2592|122.94544642857143|6.9426725467833705|25.87292689052066|31.954809286898836|111.49526044351819
2017-06-26|145.59|156.40859999999998|123.1458407079646|6.1671210129874225|26.19308172562491|34.80883144857296|111.70771224802772
2017-07-03|152.16|156.6958|123.40035087719298|5.739596157746206|25.63670972548266|42.67998244073748|111.9353821500921
2017-07-10|161.4|157.1408|123.73078260869566|5.7343093352338315|23.832489999870344|47.96213253612356|112.2953217968988
2017-07-17|162.1|157.609|124.06155172413793|5.741902784178762|22.421969795949796|48.31238246065525|112.54239371583833
2017-07-24|165.4|158.128|124.4148717948718|5.870762787556657|20.956773694283594|50.48440224762643|112.85105202830601
2017-07-31|169.73|158.8066|124.79889830508475|6.150121076471407|20.18594307254809|56.07550919026329|113.18285029655247
2017-08-07|172.05|159.3426|125.19596638655462|6.476918652766585|19.9955888706576|55.48731373338703|113.49153920873336
2017-08-14|169.5|159.795|125.56516666666667|6.638900450791624|19.74248900503313|52.52791878172588|113.7265761613635
2017-08-21|180.51|160.3732|126.01925619834711|7.227586524210665|20.210176508763023|59.881668098100945|114.15210102112385
2017-08-28|183.66|161.1064|126.4917213114754|7.860053254794565|21.009247335095104|60.43294117647058|114.50353775723897
2017-09-04|185.89|161.7942|126.97463414634146|8.490485905327205|21.847874785971555|69.04291800893691|114.82819410887052
2017-09-11|188.75|162.6624|127.47282258064516|9.14384104151847|23.040204382996347|66.43002028397565|115.23432184728253
2017-09-18|187.55|163.4386|127.95344|9.643924219319473|23.55515383843463|63.2515119174671|115.55993792950615
2017-09-25|192.33|164.35060000000001|128.46436507936508|10.259548272665342|24.440807112873294|64.9870071178398|116.01831241851295
2017-10-02|194.16|165.2654|128.9816535433071|10.850920968125024|25.383528633839905|64.95929443690638|116.35448590032397
2017-10-09|196.48|166.21099999999998|129.508984375|11.439748506164023|26.334899642315754|65.4090858354727|116.65499375460708
2017-10-16|192.97|167.21540000000002|130.00093023255812|11.778145266990492|27.32915643669088|68.99799835158368|116.93548052529765
2017-10-23|196.05|168.1062|130.509|12.172339092938813|27.89273972191814|73.03730017761991|117.21444928968481
2017-10-30|193.8|168.9812|130.99213740458015|12.38947116951661|28.572454596728615|77.39992470824446|117.48738952408368
2017-11-06|217.7|170.128|131.64901515151513|13.554405540194125|31.132857892057594|89.99894836470713|118.54097870846567
2017-11-13|225.65|171.453|132.3557894736842|14.880783196529194|33.51037523772022|90.54389977130359|119.21854032139808
2017-11-20|228.0|172.6198|133.06955223880595|16.109400447921587|35.91669999334134|90.62407571724343|119.75108989410317
2017-11-27|221.5|173.5718|133.7245925925926|16.873725303839763|37.89651135025934|84.20481452249409|120.15487564186677
2017-12-04|220.89|174.5666|134.36551470588233|17.473648439520275|39.446785577803105|82.07699773536072|120.5045877582205
2017-12-11|226.53|175.6322|135.0382481751825|18.190369378686427|41.09532068098861|82.98351592095833|121.03127705741299
2017-12-18|221.44|176.6472|135.66434782608695|18.55483140444278|42.62610327680371|78.17212949929619|121.34994251456374
2017-12-25|225.2|177.8532|136.3084892086331|18.98038206904232|44.0215996104386|78.04631408635858|121.56175594176352
2018-01-01|238.6|179.27540000000002|137.03914285714285|19.866155202098213|45.86779538901176|80.2582522506138|121.85691311912075
2018-01-08|237.75|180.452|137.75340425531914|20.55441728833688|47.71449311066344|81.51842615683016|122.26195802661084
2018-01-15|242.45|181.825|138.49070422535212|21.300314464189398|49.527183853719|80.37465672812868|122.72644166805611
2018-01-22|247.0|183.455|139.2495104895105|22.08864361846733|51.366435408361376|80.640479876161|123.21943625430875
2018-01-29|257.32|185.2916|140.06944444444446|23.15602137204783|53.51122898326313|82.04576043068641|124.09677272288769
2018-02-05|250.11|186.9836|140.82834482758622|23.726323273528408|55.165681862123584|76.49395509499138|124.886285940268
2018-02-12|266.99|189.0354|141.69246575342464|24.872994094164312|56.80502268324564|80.2099178582294|125.6385021424461
2018-02-19|277.49|191.4352|142.61625850340135|26.25680760075241|58.54570711630141|81.03498542274053|126.16476131826867
2018-02-26|273.0|193.6722|143.49722972972972|27.212842327412687|60.258358251704394|78.18532818532819|126.8965474440929
2018-03-05|274.6|195.87380000000002|144.37711409395973|28.044674301045035|61.848677163150015|78.07244501940492|127.34764229879481
2018-03-12|256.15|197.8008|145.12226666666666|27.916644269246206|60.25604439871688|70.50233644859811|128.09854535608568
2018-03-19|262.0|199.81099999999998|145.89629139072846|27.966270077263545|58.77717111745754|71.02327064073955|128.8404718338824
2018-03-26|253.57|201.89759999999998|146.60467105263157|27.5694896942411|57.40393164200243|68.33098202784763|129.3132450806539
2018-04-02|256.76|203.84099999999998|147.3246405228758|27.269820752307282|55.41233461420701|63.722596964586835|129.9302800322358
2018-04-09|204.7|204.63100000000003|147.6972077922078|24.721933241441207|53.14659622395328|44.38126910904897|131.2730965595297
2018-04-16|215.36|205.62219999999996|148.13374193548387|22.842235291847487|51.30372650418233|46.75464722193695|132.45889969519072
2018-04-23|224.8|206.76420000000002|148.6251923076923|21.508186509929885|49.091948821367225|50.83468231485229|133.22510271508742
2018-04-30|228.55|207.9578|149.13426751592357|20.42073596862491|46.69858875209245|51.90718055970522|133.59935181156877
2018-05-07|235.72|209.4582|149.68227848101264|19.699420928002098|44.072364555830795|52.27081788979491|134.0243583980382
2018-05-14|222.2|210.7594|150.13836477987422|18.429971700558667|41.77992859625367|50.18028275927507|134.4577621503869
2018-05-21|220.0|212.1568|150.575|17.157531073695736|39.85826744089574|48.757288978109166|134.80728308653775
2018-05-28|220.0|213.7242|151.0062111801242|15.979264673993868|38.19924822004085|45.250740475947296|135.14168775035452
2018-06-04|212.6|215.09420000000003|151.38641975308641|14.575171432072182|37.100151557678764|43.78613430844493|135.46659286589912
2018-06-11|209.36|216.3696|151.74208588957055|13.151215161504268|36.22653294779292|41.76496938927879|135.74774607099062
2018-06-18|214.43|217.615|152.12432926829268|12.065188319223381|35.769813312696|41.91530556520877|136.18110429865663
2018-06-25|218.0|218.74699999999996|152.52357575757574|11.218207006564995|35.55575407448568|39.90137661803986|136.65352130321344
2018-07-02|226.71|220.03920000000002|152.97048192771084|10.802643302584187|34.357749159480015|44.03608930573964|137.01879876317452
2018-07-09|229.85|221.3282|153.4308383233533|10.534849492788112|32.78840773408532|39.82131111598334|137.40860889370973
2018-07-16|204.34|222.0204|153.73386904761907|9.18781437062816|32.75655731662733|31.476323119777163|137.86565778180875
2018-07-23|208.9|222.75740000000002|154.06029585798817|8.16029478136312|32.72698192898777|33.77379505872824|138.25305776444705
2018-07-30|202.21|223.4116|154.3435294117647|6.943267115451192|32.86845933111798|32.135630028132866|138.55340205359133
2018-08-06|186.15|223.52439999999999|154.5295321637427|5.166130118789681|33.87492660256702|32.51922884826692|138.99804372628122
2018-08-13|189.55|223.6422|154.73313953488372|3.720963162141288|34.88144360396888|31.683268443141017|139.32348089061742
2018-08-20|180.39|223.53220000000002|154.8814450867052|2.043208677011336|36.08720275983324|31.566750629722918|139.63586589606174
2018-08-27|182.0|223.3972|155.03729885057473|0.6197982273770322|37.20683626170728|31.01767215112737|139.83451778668848
2018-09-03|174.9|223.14419999999998|155.1508|-0.942269433249777|38.31491459004981|40.19478810213215|139.98602510816642
2018-09-10|188.71|223.0718|155.34147727272727|-1.7386288960288425|39.6413239040969|41.40932241634969|140.47467873208674
2018-09-17|193.44|223.05740000000003|155.5567231638418|-2.2384742803727704|39.82018251422433|39.574468085106375|140.88196592644798
2018-09-24|203.32|223.19420000000002|155.8250561797753|-2.256651441666321|39.127079885634764|41.940842011116075|141.33481803838072
2018-10-01|187.2|223.07879999999997|156.00033519553074|-2.9472289544441708|38.929079473838954|35.33961808073482|141.64241076627675
2018-10-08|191.85|222.9948|156.1995|-3.353159902874836|38.88172738403092|40.31032501117426|141.99590339040816
2018-10-15|183.8|222.7948|156.35198895027625|-4.042627346571209|38.527307224984426|38.85879601132587|142.23287124235915
2018-10-22|181.0|222.06079999999997|156.48741758241758|-4.759136631152018|38.56057960766778|38.20041147283069|142.51885522535
2018-10-29|192.6|221.3998|156.68475409836066|-4.888818777784962|38.15953073342089|44.098902395845634|142.79318745723918
2018-11-05|195.75|220.7548|156.89706521739132|-4.855733406380665|36.568513109063325|45.98216921532738|143.0978705122192
2018-11-12|199.26|220.31|157.12605405405407|-4.663437501261598|35.12985429812052|45.480007150944516|143.43488053592912
2018-11-19|197.3|219.83820000000003|157.3420430107527|-4.561960635820299|33.89538724667057|43.77256317689531|143.6731903994476
2018-11-26|194.0|219.18760000000003|157.53807486631015|-4.597824631513959|33.203213936715585|39.82834753405062|144.00659682154497
2018-12-03|195.01|218.659|157.73739361702127|-4.573007400134799|32.10161345365564|39.020547081810165|144.26355932309733
2018-12-10|184.93|217.8536|157.88126984126984|-4.963254462770038|31.546078523079363|43.2241848774698|144.44593935042184
2018-12-17|186.79|216.81740000000002|158.03342105263158|-5.21513883003044|31.26366958933184|42.13335230911549|144.6789010564731
2018-12-24|186.3|215.7884|158.18141361256545|-5.443093401710684|31.09492717574542|44.078016824238816|144.8050882355403
2018-12-31|190.99|214.7592|158.35229166666667|-5.430246865087383|30.416965931090722|51.96811971372804|144.85760353786424
2019-01-07|196.8|213.7552|158.55150259067358|-5.156926129299109|28.92006243811733|52.89144133365239|145.04325179090486
2019-01-14|208.44|212.77759999999998|158.80865979381443|-4.407437127339222|27.118628681240306|60.969886585842794|145.33264667437635
2019-01-21|212.0|212.01539999999997|159.0814358974359|-3.5801613931442375|25.942690228219817|61.556240369799696|145.66549439815526
2019-01-28|216.29|211.0014|159.3733163265306|-2.6556669917983697|25.22459906756818|66.29655878415625|146.00734464158188
2019-02-04|210.43|209.6602|159.63248730964466|-2.076878613876943|24.55780013267738|59.12298387096776|146.2580796480602
2019-02-11|208.0|208.3602|159.87676767676766|-1.6609191559468854|23.15683478902363|56.23608017817374|146.673641615483
2019-02-18|205.25|206.9732|160.10477386934673|-1.4038896308331061|21.791153168913407|50.88039412462367|146.96024909462116
2019-02-25|206.54|205.981|160.33695|-1.1175868448090966|20.52302023595391|60.20257438278119|147.21491702387152
2019-03-04|203.95|204.82|160.9792|-0.970218153952203|19.265641691602134|56.525021570319254|147.3655588527201
2019-03-11|203.55|203.81959999999998|161.6217|-0.8537318543364165|18.098075900418344|61.60808745738805|147.52778213996152
2019-03-18|207.7|202.8384|162.28844999999998|-0.57263498122947|17.664287539271925|65.44781300624857|147.76132055383735
2019-03-25|214.42|203.03279999999998|162.99304999999998|-0.0380408890940771|17.985328763689523|63.379936227618366|148.15106210872855
2019-04-01|227.5|203.27560000000003|163.7775|0.9881561174200044|19.011219018493343|67.35541707663717|148.5295921835743
2019-04-08|239.5|203.56959999999998|164.61225|2.4008175998134504|21.15131012243487|70.12805122048823|149.2203191140595
2019-04-15|232.6|203.65060000000003|165.41745|3.352552428831018|23.138537576094865|66.82554814108676|149.5513184650984
2019-04-22|223.18|203.39980000000003|166.18035|3.786857896545939|23.777739508545178|63.14177625653038|149.9137916010914
2019-04-29|232.52|203.6062|166.9896|4.554656298088133|24.371284160106182|65.71428571428574|150.14831395831413
2019-05-06|227.0|203.7462|167.76930000000002|4.987327165874291|25.01805189298603|68.32476696576359|150.3495854865439
2019-05-13|226.94|203.885|168.5264|5.352771406817453|25.331615849259748|67.76705903177273|150.62836254271357
2019-05-20|234.45|204.322|169.3464|5.977537451345029|26.07471206396238|70.06082826431131|150.94749283952822
2019-05-27|233.24|204.79960000000003|170.1511|6.461447202609548|26.769936679247532|68.1283789582082|151.23336757713145
2019-06-03|248.28|205.4766|171.02149999999997|7.505990862551329|28.183517517775847|70.4675572519084|151.6976004514342
2019-06-10|238.8|205.89260000000002|171.84335|8.007383881163747|29.59218429452685|62.28155339805827|152.01318655391896
2019-06-17|238.02|206.11880000000002|172.68414999999996|8.39411933422619|30.900232015795634|60.76808475417978|152.30637247552036
2019-06-24|238.55|206.2928|173.50279999999998|8.733548926003778|31.72607406444658|59.50794464377243|152.53366149381648
2019-07-01|242.83|207.06259999999997|174.34715|9.188565315023482|32.6001465606795|64.02840318669901|152.74284961739238
2019-07-08|237.02|207.625|175.16174999999998|9.318089815446143|32.79252849994039|62.20763923944136|152.9519825522256
2019-07-15|232.85|208.23780000000002|175.9485|9.22838406430202|32.25335082906776|61.473229132025274|153.14434154778627
2019-07-22|230.55|209.12580000000003|176.72639999999998|9.0239022663026|31.14856238461562|59.89776568554704|153.31745057523827
2019-07-29|220.81|209.75099999999998|177.46145|8.403983203571556|28.97042795857021|56.563375895359705|153.5560662370831
2019-08-05|220.67|210.5566|178.13595|7.823891887799675|26.9632655085654|56.67810890934622|153.7513608131174
2019-08-12|215.05|211.21760000000003|178.7686|7.049203071987137|25.89237224681454|52.83455456999615|153.9493538783915
2019-08-19|219.5|212.10960000000003|179.41385|6.5301790770919865|24.89797136090302|51.99403360025122|154.14600844112974
2019-08-26|224.2|212.81939999999997|180.0822|6.249623709303023|23.655828561723457|48.613445378151255|154.34855063864495
2019-09-02|229.02|213.53099999999998|180.75685000000001|6.186099225337983|22.268707417983787|45.313897335002686|154.5709637855565
2019-09-09|233.0|214.1246|181.45485|6.279398382626823|21.557832176812457|50.18365472910928|154.77105176389657
2019-09-16|232.0|215.0206|182.07835|6.30077371694324|21.051289700186192|54.38893312101911|154.98204380698462
2019-09-23|228.05|215.7446|182.69585000000004|6.1337323375359745|19.77013310227748|47.649595120412236|155.14096577607194
2019-09-30|222.76|216.52380000000002|183.2944|5.743759154596461|18.601739954556106|47.765127556398895|155.29935794114488
2019-10-07|230.31|217.51000000000005|183.9552|5.7002772072708865|17.28362475179539|51.646311675622876|155.48168777338242
2019-10-14|235.55|218.36900000000003|184.6389|5.866039144597664|16.689535758746196|50.54956035171864|155.69007497514326
2019-10-21|240.0|219.25400000000002|185.33219999999997|6.183152047168164|16.92123135662756|53.271389856755704|155.90920532038848
2019-10-28|236.4|219.9968|186.0079|6.2930696520938625|16.936958114583376|43.535045711798|156.1502152124188
2019-11-04|240.17|220.8542|186.7245|6.530715744146278|17.024828727215237|50.794940234420324|156.32122387852752
2019-11-11|240.0|221.77419999999998|187.48815|6.714199519996015|17.204057596046066|51.157082748948106|156.49873458160724
2019-11-18|238.13|222.63660000000004|188.2213|6.777331347159588|17.36854071319625|49.75834292289987|156.65992541116654
2019-11-25|233.98|223.6176|188.90869999999998|6.6373647870646835|16.78855936007272|44.90031116745418|156.80769444625577
2019-12-02|235.14|224.5846|189.5984|6.542443855638595|15.732970068500256|48.85533365806136|156.9486034232449
2019-12-09|241.21|225.68280000000001|190.3302|6.695204589234521|15.754271375190985|54.97500595096407|157.15069279693242
2019-12-16|244.71|226.7572|191.0418|6.958153662556128|16.394318798966378|58.30790894156301|157.39101452317078
2019-12-23|252.06|227.86239999999998|191.7709|7.480573774522895|17.470374234301804|68.86393818664735|157.51313652641076
2019-12-30|255.0|228.7936|192.50095000000002|8.044737167910768|18.95911206151691|70.04554478570596|157.61446819989075
2020-01-06|258.19|229.71740000000003|193.24560000000002|8.654718082455958|20.642681131732|75.92548076923076|157.7734539541757
2020-01-13|262.5|230.6416|193.9961|9.350754867687385|22.32595962262045|75.88490248013484|158.03622472437291
2020-01-20|265.49|231.7428|194.77805|10.065085531540774|24.448692083261708|75.3779963122311|158.28919582232731
2020-01-27|252.2|232.6268|195.49645|10.1053946082003|24.66931678637091|62.90358494767311|158.55766172370772
2020-02-03|254.3|233.6078|196.20335|10.199327414606927|24.34229991077194|62.1105299067546|158.86504568734802
2020-02-10|251.75|234.512|196.8656|10.143920525743937|24.217514457982542|61.03475248631131|159.14651078293397
2020-02-17|250.8|235.449|197.51335|10.024095648204906|23.45809848920749|63.15180945774077|159.3207803956754
2020-02-24|233.36|236.0452|198.06239999999997|9.150668505604074|22.727150358031178|55.37307380373075|159.5989310174046
2020-03-02|219.99|236.291|198.55915000000002|7.7847419302884475|23.18396351755487|45.06031016657094|159.9095729168235
2020-03-09|198.6|235.97459999999998|198.9468|5.647979031747781|25.505325729516915|34.68203299892215|160.32344168034007
2020-03-16|195.69|235.3384|199.31574999999998|3.616299940340099|27.689665805711616|31.393298059964735|160.70985297609857
2020-03-23|180.38|234.15599999999998|199.55165|1.1597076580890757|29.717981590749552|28.58235204159658|160.87531960504057
2020-03-30|185.64|233.2168|199.8219|-0.7962633439582874|31.768175189794338|29.386860210176167|161.0294297018725
2020-04-06|201.99|232.793|200.16434999999998|-1.8344285756758723|32.03747947287785|37.19770966655441|161.25239935801685
2020-04-13|191.8|231.9786|200.47985|-3.1786324266207657|32.4169989959357|35.22357593927411|161.4020207702508
2020-04-20|188.91|231.2168|200.7574|-4.481180794508987|32.76940998163228|35.50897048421325|161.5192368341517
2020-04-27|197.25|230.623|201.0744|-5.268293634022086|32.35955821819242|38.35515397381524|161.6403464031989
2020-05-04|196.02|229.8544|201.38245000000003|-6.001191887767533|31.978981580712546|35.685777636997145|161.7372571631644
2020-05-11|183.85|228.8666|201.6111|-7.146252177648535|32.18473680449586|31.72591880855154|161.80951696864304
2020-05-18|188.9|227.679|201.8666|-7.924947054116359|32.37579522658037|30.769699184021448|161.94370891782592
2020-05-25|200.5|226.91299999999998|202.17335000000003|-8.100123885724116|31.607346057303964|34.23762147154096|162.14730725657435
2020-06-01|219.1|226.53459999999998|202.5754|-7.444638548315055|29.410590351443354|39.61973551436615|162.51121701835876
2020-06-08|208.35|225.93060000000003|202.91989999999998|-7.296213752108173|27.343941597722942|36.09613310737946|162.68449824743556
2020-06-15|207.0|225.21400000000003|203.2759|-7.199846098554161|25.651563145291895|34.854213061266776|162.86517581762737
2020-06-22|203.15|224.5366|203.5654|-7.2555150479782355|24.20497828132238|36.64579362918596|162.97407686853433
2020-06-29|210.95|224.09859999999998|203.88574999999997|-6.953234004568856|22.65580117638932|38.55294428307367|163.094191887146
2020-07-06|212.28|223.7332|204.18915|-6.608427514049993|21.296083148519763|39.50991335778452|163.2309375428154
2020-07-13|210.81|223.5332|204.5082|-6.345354515231236|19.948362927138685|39.401007156109195|163.36501381329612
2020-07-20|215.97|223.43920000000003|204.83055000000002|-5.875221650570637|19.095606131172254|45.07002324658389|163.5271572789676
2020-07-27|221.57|223.56959999999998|205.2117|-5.204605245401439|18.027218588279837|50.468564650059314|163.67179297053022
2020-08-03|227.28|223.72519999999997|205.60440000000003|-4.353879612008939|17.137341938688234|59.37745226262098|163.8385243917325
2020-08-10|239.99|224.04100000000003|206.0707|-3.0504255090523884|17.470626524080522|63.612340216322515|164.15059458558198
2020-08-17|231.22|224.085|206.4847|-2.257947497879343|17.780105067659076|66.27609168907671|164.46376208045137
2020-08-24|226.3|223.951|206.8702|-1.757503349126523|17.76894485574561|63.04543121149897|164.65502260317544
2020-08-31|222.21|223.7552|207.2675|-1.4820233492144155|16.92013367167108|57.04137066443795|164.8628078223533
2020-09-07|221.07|223.6156|207.61530000000002|-1.281852682577636|16.035055707305215|60.8786144354419|165.0502431645183
2020-09-14|230.3|223.7664|208.01655|-0.7106771333736219|15.94777126501778|64.69084971959963|165.24790586124774
2020-09-21|228.24|223.725|208.35595|-0.2899438294115555|15.866721425750878|61.512742402853114|165.49630850995746
2020-09-28|208.8|223.19|208.60295|-0.7382155721548145|15.32954471521627|54.181937172774866|165.7027356012084
2020-10-05|205.38|222.49759999999998|208.78155000000004|-1.2773777547579925|15.001920624743107|57.47309961818812|165.84010501516087
2020-10-12|201.17|221.793|208.9179|-1.928764720172694|15.014542143517772|54.28391872075972|165.95326661414194
2020-10-19|214.5|221.2796|209.13465|-1.936222721343114|14.377334712896998|54.82958465571961|166.1324665068568
2020-10-26|200.99|220.49939999999998|209.27335|-2.507968641711045|13.870389258485218|43.525205577404364|166.27303312218865
2020-11-02|217.5|220.08679999999995|209.5074|-2.3087732379561317|13.801283570908698|53.14195453608955|166.5095646851986
2020-11-09|242.99|220.267|209.89785|-1.0481458405551223|14.198778155543314|60.60088365243005|167.29100462168017
2020-11-16|239.42|220.35260000000002|210.2575|-0.07985261752597239|14.807831158903456|60.701009028146565|167.6149783630498
2020-11-23|251.59|220.56019999999998|210.62085|1.291956711593457|15.56175893193669|61.688909341923605|167.9987597433394
2020-11-30|270.0|221.06599999999997|211.10185|3.2805789879789415|17.212937196672662|65.11627906976744|168.53947846187023
2020-12-07|283.73|221.69940000000003|211.69300000000004|5.611455677977602|19.308186226198362|67.94467959444826|169.03011245145836
2020-12-14|270.16|222.00260000000003|212.21634999999998|7.084476458850446|21.370488082152605|62.80542558722056|169.48226498176044
2020-12-21|270.64|222.2516|212.74200000000002|8.38741643630587|22.14932679840285|61.88308228798372|169.85553521937445
2020-12-28|271.65|222.4346|213.27825|9.558253362954957|23.04236209127195|60.99519254596817|169.97350519534794
2021-01-04|283.64|222.79760000000002|213.90895|11.072667477300257|24.21405856370183|60.85550857995523|170.24256523369274
2021-01-11|276.9|223.2916|214.48770000000002|12.09506527821938|25.78690547727871|61.47623354436739|170.69890551093317
2021-01-18|268.25|223.5706|215.00635000000003|12.59807837962714|26.366197737711293|60.34525277435265|171.05489094309493
2021-01-25|258.11|223.6978|215.49790000000002|12.5767969112745|26.09173881485842|58.59674329501916|171.499983420781
2021-02-01|271.7|224.11579999999998|216.04895|13.09435891125733|25.836884100780754|61.44180790960452|171.8856158003325
2021-02-08|266.0|224.7686|216.63275|13.272111960566662|25.80745723783124|58.19860371118868|172.2039567977694
2021-02-15|270.51|225.77900000000002|217.18735|13.580018284338422|25.780132293663833|59.59940046327838|172.53404097585843
2021-02-22|270.17|227.21040000000002|217.71219999999997|13.797236431241743|25.841021278992713|65.2608544288059|172.80180560527805
2021-03-01|277.5|228.8466|218.2707|14.257680159990912|26.33427198800114|67.59196019123817|173.17411468554667
2021-03-08|284.93|230.93760000000003|218.85684999999998|14.93628376239306|27.025030483606486|70.11527377521615|173.43305593451504
2021-03-15|285.47|232.93419999999998|219.43985|15.514771981689734|27.979704093428637|68.15925489995396|173.87803028420126
2021-03-22|291.22|234.71880000000002|220.09244999999999|16.22307959928085|28.86618673112063|74.04209965361046|174.20091732107934
2021-03-29|291.7|236.7168|220.76524999999998|16.821443763082556|29.853681031544713|71.6175270947442|174.4392831522262
2021-04-05|281.07|238.56|221.41995|16.851115754846433|29.531473137001736|62.14595560091861|174.73896464144616
2021-04-12|288.5|240.385|222.1543|17.14053521395556|29.168729350263845|65.2782966006724|175.12365599418803
2021-04-19|293.19|242.3284|222.89974999999998|17.5432272023927|29.058044718192356|63.58234295415961|175.45607531379235
2021-04-26|297.73|244.606|223.66045000000003|18.038642140979277|29.44537482298778|59.95548215696132|175.7522591845212
2021-05-03|317.94|247.1868|224.48934999999997|19.27692678580803|30.730846815847002|61.73584905660378|176.06634505707254
2021-05-10|304.1|249.2588|225.20285|19.730028809386113|31.971466826657835|61.62169565812904|176.42328562622927
2021-05-17|301.23|250.9014|225.89849999999998|19.95029187234428|32.314535349129784|60.3059093053029|176.727772219395
2021-05-24|309.56|252.92559999999997|226.6193|20.43712010280501|33.02871616932428|62.171707442368216|177.00430707816318
2021-05-31|310.94|255.00439999999998|227.32535|20.864728430291223|33.78002816159783|59.40600882028668|177.21646612469348
2021-06-07|313.0|257.2014|228.03009999999998|21.267359112872498|34.52438925593897|62.8524636855597|177.41970215955766
2021-06-14|309.3|259.1684|228.7291|21.40322051228111|35.15099874476961|65.14871946269099|177.6802793525969
2021-06-21|311.81|261.159|229.3856|21.5649658250789|35.492038431939754|70.99953073674334|177.84787389581408
2021-06-28|307.39|263.0906|230.00424999999998|21.45624687308765|35.31500133148864|65.03496503496504|178.01848306704125
2021-07-05|303.56|264.8424|230.59259999999998|21.133354557481482|34.7420231000457|66.07601438109914|178.1704542903791
2021-07-12|298.85|266.388|231.1431|20.58464051639777|33.90330763408833|62.10904118954028|178.31992840405502
2021-07-19|296.38|267.77000000000004|231.68725000000003|19.932338529788865|31.96982941710774|60.99874108266891|178.47011067360543
2021-07-26|305.59|269.082|232.25355|19.6839463906104|30.95176511164299|61.60456085268115|178.69080283698537
2021-08-02|319.15|270.8406|232.87849999999997|19.977727700181163|31.026961385327052|63.45548914753067|178.94863398652075
2021-08-09|328.68|272.8882|233.5395|20.58027454193649|31.760832649620216|65.86852735952993|179.2229172551119
2021-08-16|325.67|274.9574|234.203|20.924354803982737|32.82490660386882|62.911325987557156|179.48710464083157
2021-08-23|327.41|277.0842|234.8598|21.239334976182136|33.233243125661474|63.25833518972305|179.68817532054769
2021-08-30|329.71|279.0724|235.53935|21.551270373982334|33.81312621577|69.24964381826817|179.89900356121618
2021-09-06|326.25|281.0326|236.0821|21.616127083509696|33.880224861791255|65.42453215657434|180.09373011706003
2021-09-13|329.56|283.4478|236.60164999999998|21.74818173403156|34.05833477539975|65.03016778246138|180.39349286365768
2021-09-20|325.44|285.849|237.08884999999998|21.625304283560638|34.00186626514098|61.49124989632578|180.63085809326503
2021-09-27|338.48|288.5952|237.67375|22.002363554099077|34.71917010195981|59.05643738977074|180.98966599725588
2021-10-04|373.01|291.7654|238.43434999999997|23.729126625891638|36.63512214549983|75.69542844358267|181.58607931444155
2021-10-11|371.82|295.182|239.1608|25.13587121208724|38.72551737131388|76.65584170379881|182.03595369749291
2021-10-18|364.37|298.11940000000004|239.87545000000003|25.99048850624507|39.725295933481924|70.83555082490687|182.30930441153717
2021-10-25|356.14|300.38239999999996|240.53015|26.32077087003529|39.80377743232311|66.33183986125162|182.67670242663237
2021-11-01|360.21|302.7982|241.13819999999998|26.705720401541555|39.8766531098185|66.81387563216754|182.95251243521403
2021-11-08|347.59|304.7182|241.68740000000003|26.432515057277953|38.49291322034288|62.82231598687294|183.3777115528189
2021-11-15|327.56|305.86940000000004|242.11295|25.264303790070073|36.20446028430194|54.72037403344723|183.76868860699705
2021-11-22|304.42|306.2832|242.40005000000002|23.17584414358322|34.57886737118009|49.199676637025064|184.34028591844083
2021-11-29|320.66|307.2932|242.71675000000002|21.943371281769373|33.06938823756694|54.319054354415044|184.795936009624
2021-12-06|297.44|307.8292|242.9534|19.80466626136581|32.479606168304294|49.67431976717328|185.54416064074746
2021-12-13|294.9|308.29420000000005|243.09294999999997|17.744168409306326|32.96524931433191|49.658261753024846|186.20927210066856
2021-12-20|293.89|308.4992|243.17495|15.823790557153075|33.416203664214706|47.192089853124706|186.51011897524282
2021-12-27|293.49|308.83099999999996|243.27740000000003|14.059037060696937|33.834946989105866|43.42658059227381|186.66231343376944
2022-01-03|293.92|309.3444|243.37400000000002|12.472461966669869|33.3169626375943|40.65993121238177|186.9125338807195
2022-01-10|261.0|309.4022|243.39825000000002|9.638905413341263|33.8805288895048|35.02939950923654|187.47286549277075
2022-01-17|246.9|308.9062|243.32275|6.5053828029957685|35.07441901479657|32.37135975476241|188.3934985935541
2022-01-24|257.82|308.74260000000004|243.34400000000002|4.17321408363938|36.183031273996065|34.83141325906233|189.19081155460086
2022-01-31|256.53|308.46299999999997|243.34285|2.0414655824019405|36.48089541375076|35.15332197614991|189.65267238061128
2022-02-07|260.83|308.2762|243.62350000000004|0.3298377678501083|36.183740114471796|35.42559056787819|190.17465586461913
2022-02-14|250.28|307.7318|243.7981|-1.6323198001051082|36.16883466790332|34.48517876310791|190.8831052021707
2022-02-21|131.12|304.6556|243.32969999999997|-8.400653043887019|38.50891362173541|20.235976344950316|189.24012450944292
2022-03-21|131.5|301.5762|242.84445|-14.351122691268642|40.681844078865204|11.566249721506097|189.13446983968035
2022-03-28|154.5|298.8418|242.43834999999999|-18.603572808712897|42.751188444280885|17.660714285714292|189.02433496548403
2022-04-04|143.72|295.8822|242.04595|-22.76764050420516|44.00206823614881|17.48740164441695|188.84895287873502
2022-04-11|130.88|292.8784|241.60035000000005|-26.927958122918824|45.333910078535574|17.25300924579868|188.72639042856807
2022-04-18|116.97|289.44780000000003|241.08520000000001|-31.11761905443541|46.67474232553007|15.622703374978798|188.5452173923049
2022-04-25|128.8|286.16|240.6662|-34.2327298442099|47.9617204019299|19.009037083203495|188.31927095138494
2022-05-02|123.1|282.66740000000004|240.23489999999998|-37.12804609857113|49.156771472872606|19.813382153191995|188.24344538990255
2022-05-09|120.2|278.7126|239.76375|-39.70170178307785|50.30873135491873|21.072796934865906|188.19466698704423
2022-05-16|122.2|275.0746|239.28474999999997|-41.77573296103566|51.064570584518485|17.377868367414024|188.08225935252557
2022-05-23|121.22|271.4744|238.7573|-43.52714099114914|51.802507922897796|18.748669929772305|187.96012900924737
2022-05-30|119.21|267.66740000000004|238.2041|-45.03118103292914|52.4893328795029|18.7839806687751|187.8605036237192
2022-06-06|118.07|263.81|237.77275|-46.27492008566588|53.12709891063622|18.77530723875826|187.77960711288083
2022-06-13|123.88|260.0276|237.34765|-46.990728560018766|53.49225042355635|20.44607074403207|187.687961983259
2022-06-20|137.76|256.59680000000003|237.02540000000002|-46.89593642883074|52.862324868724784|24.007989347536622|187.53966752417148
2022-06-27|129.91|252.95879999999997|236.7442|-47.00221951139764|51.99998029107856|26.194021719391287|187.38323557410624
2022-07-04|133.3|249.477|236.46294999999998|-46.81114115502433|51.19923175469278|28.535258105963266|187.2872921775313
2022-07-11|128.9|245.9838|236.2055|-46.68662834246129|50.55210376856038|25.02518403719489|187.1714953019114
2022-07-18|128.82|242.5832|235.93959999999998|-46.43883963113581|50.01731652073129|25.1430573397174|187.0753312711499
2022-07-25|131.9|239.29359999999997|235.72459999999998|-45.94911018441181|49.161076265512676|24.785856768490646|186.9782811956915
2022-08-01|122.4|235.62980000000005|235.39305000000002|-45.77835616045337|48.55930178516103|24.8880684942267|186.87363703060421
2022-08-08|124.88|231.74439999999998|235.05025|-45.38417661724958|48.000511196263076|47.73814702044368|186.7825148997275
2022-08-15|125.2|227.67480000000003|234.65965|-44.88468279789333|47.47552823736324|47.71540469973891|186.71800461563467
2022-08-22|130.4|223.76940000000002|234.37564999999998|-44.08721488748088|46.54816788811164|39.96502331778815|186.6249917311676
2022-08-29|143.8|220.0972|234.1354|-42.68179698675357|44.442257931113|50.03259983700082|186.49022811004667
2022-09-05|138.15|216.266|233.90715|-41.547546129772314|42.46920768211696|53.14691368712666|186.35767475257884
2022-09-12|137.73|212.49560000000002|233.69079999999997|-40.43573749599258|40.6370895937635|60.17447559302096|186.24558108705884
2022-09-19|119.39|208.2922|233.32475|-40.10452656964725|40.361858111852435|45.6647931447526|185.93554891682928
2022-09-26|110.21|203.9876|232.89704999999998|-40.07822579766108|40.35589303003697|44.24604945986966|185.6240214668897
2022-10-03|101.5|199.248|232.40824999999998|-40.30207205522302|40.43930982711292|42.064165676455616|185.36414113832816
2022-10-10|107.78|193.9434|231.96065000000002|-40.11315384533566|40.72070217772818|44.09500409500411|185.1456044545706
2022-10-17|119.45|188.89600000000002|231.58790000000002|-39.33158880716269|39.89552597939074|49.33353415166805|184.90089782088242
2022-10-24|126.97|184.148|231.2477|-38.20311926376229|38.447534877344644|52.80549530007231|184.69286431683227
2022-10-31|125.75|179.5402|230.9518|-37.1403364324689|37.00517004294638|52.77496748084984|184.60739225251896
2022-11-07|136.98|175.07559999999998|230.70274999999998|-35.61272465372397|34.82847462379719|54.554937413073716|184.4317038220023
2022-11-14|136.89|170.8616|230.4557|-34.156649548001184|32.59964661414493|49.665410353049765|184.2846638959506
2022-11-21|136.53|167.041|230.1834|-32.779711663318295|30.530020605182113|52.70159973881815|184.19078067150681
2022-11-28|136.66|163.6858|229.8827|-31.4562799762343|28.608225025430926|51.40868690256582|184.1333781365358
2022-12-05|140.03|160.07319999999999|229.54065|-30.0472758337026|26.81985915407767|54.706927175843695|184.02472314085162
2022-12-12|135.45|156.8334|229.1579|-28.902769446891682|24.957308685934162|52.701051087753605|183.94709614444568
2022-12-19|137.94|153.6942|228.76614999999998|-27.697065998199776|23.246011143929845|52.47257245783527|183.8752771529137
2022-12-26|141.15|150.6394|228.41975|-26.41039550060853|21.806722877593188|58.09236081139404|183.81640270761164
2023-01-02|141.4|147.59759999999997|228.08675|-25.181032424625897|20.598980209746475|57.26984685794754|183.79486318745714
2023-01-09|151.69|144.75300000000001|227.81895|-23.581781845134515|20.41810533941456|60.71688647948863|183.7177120095846
2023-01-16|151.38|142.56060000000002|227.54315|-22.107904066173035|20.338417077808817|58.83740522325189|183.639912483282
2023-01-23|153.2|140.6866|227.2894|-20.65944349939076|20.377592497681956|54.38760268857355|183.58024320246818
2023-01-30|161.26|138.7554|227.07795|-18.974128768195897|20.984105819350447|60.54962110837213|183.53047443930348
2023-02-06|165.52|136.9352|226.86705|-17.244822583468107|22.02112329599422|62.25632883478875|183.477373260513
2023-02-13|159.73|134.91320000000002|226.5936|-15.90654677590615|22.00121329560204|70.00595120015868|183.41812138640725
2023-02-20|164.3|133.19359999999998|226.2776|-14.480626995246666|21.982725438095013|78.11038353601496|183.3787056102058
2023-02-27|171.16|133.99439999999998|225.9359|-12.884637251326268|22.486833446218817|86.91182704535818|183.34461535051747
2023-03-06|172.53|134.815|225.63555|-11.374935727836515|23.185100611631533|86.19340413638902|183.32424224509765
2023-03-13|193.59|135.5968|225.48760000000001|-9.114000158051738|24.975818240147824|87.50505868069605|183.37669615110465
2023-03-20|203.57|136.7938|225.34285|-6.663122102210423|27.23980589829935|87.80848963474826|183.4351184009557
2023-03-27|216.6|138.50820000000002|225.29084999999998|-3.92258440567403|29.724154737834493|90.16002121828308|183.53404673416833
2023-04-03|216.27|140.4942|225.2375|-1.4985383259306957|32.031050088831414|88.78778984443792|183.58640996018372
2023-04-10|221.87|142.35559999999998|225.1746|0.8886316399882901|34.29817150264293|89.44485703676197|183.67277307751422
2023-04-17|235.17|144.59699999999998|225.18425|3.561383219960362|36.831029406113984|90.87518647439083|183.8602879517303
2023-04-24|240.38|147.0006|225.14475000000002|6.136969688207444|39.248542470661434|91.24383648799108|183.94570803519133
2023-05-01|237.7|149.3106|225.13925|8.28529802669874|41.57578180706698|89.05237904838063|184.05453368454377
2023-05-08|229.29|151.47199999999998|225.09560000000002|9.806722893825906|41.46847552849992|86.40595903165735|184.21123062853786
2023-05-15|231.27|153.7132|225.05919999999998|11.207692310856004|41.36883398411623|86.3519513905118|184.28195681657286
2023-05-22|248.1|156.3138|225.08555|13.125417863258207|41.921390000394396|87.66110289457004|184.42902959008177
2023-05-29|243.95|158.7152|225.1202|14.608127600250441|42.545844345433856|85.14634313523887|184.5691029683874
2023-06-05|240.4|160.768|225.15795000000003|15.726607608620952|42.269407943725746|81.87567373338125|184.6908683159592
2023-06-12|243.87|163.0472|225.22455000000002|16.815959019476907|42.16684696287507|82.49595952498068|184.75801386304755
2023-06-19|235.67|165.09459999999999|225.29885000000002|17.38301212804754|41.392057202341064|77.73219449862128|184.82384816011697
2023-06-26|239.61|167.30880000000002|225.39355|17.999058352833345|40.571727467807285|77.09759977865394|184.90875028988563
2023-07-03|243.67|169.60580000000002|225.53665|18.66168928737099|39.94329742972913|77.06587241116574|184.97776349257637
2023-07-10|246.45|171.8968|225.6714|19.30946236590924|39.69065645022637|80.67345783814375|185.07062749316066
2023-07-17|244.13|174.3314|225.77105|19.726579325653944|39.150165702352986|78.6931205520811|185.14386775231853
2023-07-24|249.25|176.8188|225.87220000000002|20.252686402241068|38.73521290692083|78.42323651452283|185.21830531122262
2023-07-31|264.12|179.5972|226.02779999999998|21.28576780241295|39.56290856284233|80.35394710678068|185.55070053750998
2023-08-07|266.23|182.3138|226.19895|22.225255659916286|40.33148310048373|77.53183747725895|185.68000072533113
2023-08-14|261.14|184.66060000000002|226.3644|22.77474866686856|40.48288431569587|72.66000157443122|185.8335915965726
2023-08-21|260.5|187.10760000000002|226.5531|23.165402480066717|40.62347115839285|69.14689462665736|185.92441009339237
2023-08-28|265.0|189.653|226.72654999999997|23.631497055886427|41.004205730660644|70.50753303593973|186.02237027996617
2023-09-04|255.68|192.3788|226.8272|23.578880413783054|40.35904582566621|63.79662123561576|186.13816405385245
2023-09-11|260.83|195.39120000000003|226.93135|23.67877864560012|39.75996877102852|61.21699597831788|186.24450208053355
2023-09-18|251.99|198.401|227.0093|23.322118654157862|38.40773533837659|54.91907465469029|186.3774348370245
2023-09-25|260.72|201.4598|227.11205|23.304933262023212|37.15209000805694|59.27776882153798|186.4814735646124
2023-10-02|262.93|204.3294|227.22670000000002|23.312768584270742|36.055363813506816|64.27116918377737|186.55372966069464
2023-10-09|263.51|207.0602|227.35359999999997|23.273840100239994|35.26125073823563|63.84166237334707|186.63799609018864
2023-10-16|269.8|209.94119999999998|227.5327|23.43495823445204|35.01547071311213|60.24358006042297|186.7622788829459
2023-10-23|269.7|212.59560000000002|227.7055|23.502619923880673|35.0901499582269|62.638657112005504|186.90345399788364
2023-10-30|268.54|215.22859999999997|227.84215|23.442541948034858|35.159494971547765|64.14354644149579|186.97638566240843
2023-11-06|280.19|218.1018|228.01954999999998|23.81096335674482|35.902502287313794|66.86791751811259|187.10264028827862
2023-11-13|281.6|221.00060000000002|228.16725|24.124830872963543|36.80366711820558|72.76692772875981|187.22487697398032
2023-11-20|286.85|223.937|228.32649999999998|24.551749569592005|37.81437503203672|73.11606968095519|187.32653693811153
2023-11-27|273.97|226.70739999999998|228.4054|24.31121268873676|37.330702762827435|63.648648648648674|187.47336548398195
2023-12-04|265.16|229.2518|228.4187|23.652529962700413|35.6229792925649|57.99367683499959|187.62730355059122
2023-12-11|268.21|231.79300000000003|228.4323|23.126911126857806|33.14804018307577|60.22418478260869|187.79401911260658
2023-12-18|271.3|234.391|228.5278|22.722368833310043|31.140440579416158|59.52648405772056|187.91788640592455
2023-12-25|270.82|236.77360000000002|228.6104|22.275351787525295|29.46644156444494|53.3057035721334|187.99185267837336
2024-01-01|273.62|239.2184|228.71974999999998|21.930708465370145|28.074333245237547|53.62148387729099|188.0168378239351
2024-01-08|275.84|241.67120000000003|228.84495000000004|21.65322208744604|27.034878292207278|57.41226300927794|188.0776933987478
2024-01-15|274.86|243.9432|229.05245000000002|21.30078102355563|26.188944439753858|57.21608040201007|188.14852167822335
2024-01-22|272.65|246.0858|229.31574999999998|20.83106291635741|25.120997245951944|53.93478037238967|188.20186291836632
2024-01-29|276.74|248.42600000000002|229.70645000000002|20.525203602086464|24.186238778191107|61.4481409001957|188.25441473369534
2024-02-05|283.5|250.81|230.14550000000003|20.478174326578454|24.219603399055536|62.11133668126938|188.35070883764283
2024-02-12|288.33|253.1534|230.68524999999997|20.578855053010727|24.78510908894217|70.28354543424871|188.47693713074804
2024-02-19|284.77|255.3982|231.1809|20.455400767647006|24.79074409857059|64.2459424238834|188.57239960377908
2024-02-26|295.38|257.434|231.64785|20.7327792734566|25.310221147176982|67.48195237582156|188.70100846602162
2024-03-04|300.4|259.3706|232.19084999999998|21.127914269849697|26.161186165737654|68.96658097686375|188.7951131496012
2024-03-11|298.3|261.0046|232.73780000000002|21.325183472634336|27.128999597278714|65.31270148291426|188.91796624836724
2024-03-18|292.99|262.539|233.21650000000002|21.21102199412553|27.343359158906708|61.85000508802281|189.08293358480353
2024-03-25|298.72|264.07599999999996|233.73|21.288097086753965|27.54240732327556|64.67327887981331|189.16420239546244
2024-04-01|306.1|265.4946|234.34125|21.603973837928436|28.41861292519121|63.142944100639156|189.28893892562004
2024-04-08|307.1|266.829|234.93224999999998|21.86065876908009|29.3513795241381|62.988997555012226|189.3812589325832
2024-04-15|307.38|268.2226|235.46665000000002|22.03373710052506|30.248089036763982|61.015130378795995|189.46305788111803
2024-04-22|308.98|269.8164|235.91604999999998|22.188066107606403|31.532512377541874|71.37101696984496|189.65834435907755
2024-04-29|307.53|271.34159999999997|236.41195|22.196425096946825|32.34537227077882|78.41716968477527|189.7089562863129
2024-05-06|313.49|272.6494|236.94440000000003|22.388711432123046|33.39687251227718|79.22798863929768|189.78212510110583
2024-05-13|323.16|274.2336|237.54444999999998|22.90004503622356|35.00584694585091|80.85435506901473|189.9075055936449
2024-05-20|321.0|275.8456|238.09470000000002|23.192297215442522|36.57465695200714|79.26971535230982|190.02732318227774
2024-05-27|313.11|277.23040000000003|238.59884999999997|23.047544473828964|36.52397403223002|71.74320008809602|190.17429492211213
2024-06-03|319.9|278.915|239.14430000000002|23.136793421898346|35.71866101738483|73.09708534283915|190.3470460457717
2024-06-10|319.35|280.5098|239.66119999999998|23.12271179351933|35.09341179204692|73.42812006319114|190.4428950645598
2024-06-17|314.14|281.9192|240.12404999999998|22.820244927660724|34.51282322566172|71.1791730474732|190.59556760311105
2024-06-24|327.15|283.5332|240.6234|23.033441445877486|34.75367152132346|73.5847291101338|190.76733542295784
2024-07-01|325.0|285.1506|241.04845|23.061777861035807|35.0682429519114|70.29141404263642|190.91862832599153
2024-07-08|292.21|286.0098|241.3534|21.631401637289798|33.81372252616388|51.48978651512824|191.18475704051363
2024-07-15|289.9|286.5254|241.6714|20.202181322570368|33.205778561438784|51.98883461270062|191.35107188351952
2024-07-22|293.3|287.0668|242.02684999999997|19.0196272437355|32.0295694810426|49.14586070959265|191.48025508340334
2024-07-29|286.04|287.5648|242.3517|17.608476720378405|31.378288438962066|44.20967741935486|191.5883496816348
2024-08-05|281.44|287.9836|242.6074|16.111636365073196|31.316346825564775|43.33596837944665|191.73273098064936
2024-08-12|274.6|288.1756|242.83919999999998|14.448783321878238|31.307302876197692|42.818089510271044|191.80424219115102
2024-08-19|259.5|288.25199999999995|243.0927|12.29488011210077|32.22485062274672|35.727802037845706|191.93346199265972
2024-08-26|254.45|288.1244|243.33805|10.13751559472911|33.143041717615496|30.880284297031167|192.02183751435226
2024-09-02|254.77|288.18|243.60604999999998|8.210558129630328|34.53741183810514|30.530545427487183|192.18692730245908
2024-09-09|258.25|288.1306|243.82479999999998|6.626948062400629|35.133458721476046|32.14623155752601|192.3277694534569
2024-09-16|269.08|288.2536|244.16525000000001|5.662719835147811|35.20751947713634|36.41193297915815|192.4442344123483
2024-09-23|268.07|288.3448|244.4181|4.749323163518966|34.795364266263626|36.52138270255501|192.5351918275955
2024-09-30|264.09|288.23060000000004|244.52360000000002|3.7581597005192293|34.83907664109025|32.89473684210526|192.64141572483794
2024-10-07|256.94|287.97540000000004|244.6112|2.5671654507827952|34.90005738798191|26.663377502114457|192.68944961253126
2024-10-14|257.19|287.7484|244.63920000000002|1.5156145702212598|35.09965853315971|27.20582982067586|192.7686276001155
2024-10-21|246.35|287.0716|244.52095|0.12197559574616434|35.70529211485935|26.64427651833192|192.8318326429433
2024-10-28|238.97|286.219|244.29715|-1.424066984964952|36.746256910746624|21.803358650965095|192.91696883651937
2024-11-04|255.98|285.6016|244.22625|-2.0695399504248257|36.914812547232415|30.193161217728317|193.00415105478254
2024-11-11|253.43|285.1908|244.1402|-2.742492123015552|36.50163652949583|30.703706058101844|193.10222287815384
2024-11-18|236.0|284.60760000000005|243.96195|-4.06663018336036|36.80879855164208|21.820317813640017|193.19188561670524
2024-11-25|236.49|283.9732|243.72619999999998|-5.2058810694366|37.67507817212671|22.352720684700444|193.31212230531077
2024-12-02|237.84|283.30400000000003|243.5309|-6.141668061957148|38.3119620293855|28.865738941149047|193.4084642392458
2024-12-09|228.7|282.4616|243.33315|-7.337857850620367|38.7062658843236|27.410305625276848|193.47327721504593
2024-12-16|257.6|282.14119999999997|243.3306|-7.153238371903001|37.31153042681446|38.91028827037775|193.68921131119967

МСФО (показатели|годы, |, 
):
Показатель|2008|2009|2010|2011|2012|2013|2014|2015|2016|2017|2018|2019|2020|2021|2022|2023|2024|LTM
OP|н/д|н/д|н/д|н/д|н/д|н/д|н/д|н/д|н/д|н/д|н/д|н/д|н/д|н/д|н/д|н/д|н/д|1587
NP|24.4|97.7|181.6|315.9|347.9|362.0|290.3|222.9|541.9|748.7|831.7|845.0|761.1|1251|270.5|1509|1580|1580
P/E|20.5|19.0|12.8|5.61|5.96|6.25|4.21|10.2|7.14|6.74|5.04|6.78|8.00|5.28|11.8|4.06|3.99|4.53
P/B|н/д|н/д|н/д|н/д|1.28|1.20|0.61|0.95|1.42|1.47|1.09|1.28|1.21|1.17|0.55|0.93|0.88|1.00

Макро (месячные, 2015-2025, дата|CPI|Rate|USD/RUB, |, 
):
Date|CPI|Rate|USD/RUB
2015-01|15.0|17.0|61.3
2015-02|15.8|15.0|66.8
2015-03|16.2|14.0|61.8
2015-04|16.4|12.5|54.9
2015-05|15.8|11.5|51.8
2015-06|15.8|11.5|54.7
2015-07|15.7|11.5|57.0
2015-08|15.6|11.5|59.5
2015-09|15.2|11.5|65.8
2015-10|14.7|11.5|65.7
2015-11|13.7|11.5|64.9
2015-12|12.9|10.5|67.8
2016-01|9.8|11.0|75.9
2016-02|8.1|11.0|77.0
2016-03|7.3|11.0|70.2
2016-04|7.2|10.5|66.8
2016-05|7.3|10.5|65.9
2016-06|7.4|10.5|64.3
2016-07|7.2|10.0|63.2
2016-08|6.9|10.0|64.7
2016-09|6.4|10.0|63.8
2016-10|6.1|10.0|62.9
2016-11|5.8|10.0|64.2
2016-12|5.4|10.0|61.0
2017-01|5.0|10.0|59.9
2017-02|4.6|9.75|58.4
2017-03|4.3|9.75|57.9
2017-04|4.1|9.25|56.6
2017-05|4.1|9.25|56.7
2017-06|4.4|9.0|59.0
2017-07|4.4|8.5|59.5
2017-08|4.2|8.25|59.3
2017-09|3.7|8.25|58.0
2017-10|3.2|7.75|57.6
2017-11|2.8|7.75|58.6
2017-12|2.5|7.5|57.6
2018-01|2.2|7.5|56.6
2018-02|2.2|7.5|56.8
2018-03|2.4|7.25|57.2
2018-04|2.4|7.25|60.2
2018-05|2.8|7.25|62.2
2018-06|3.1|7.25|62.9
2018-07|3.4|7.25|62.8
2018-08|3.9|7.25|63.1
2018-09|4.0|7.25|66.2
2018-10|4.1|7.5|66.0
2018-11|4.2|7.5|66.8
2018-12|4.3|7.75|69.0
2019-01|5.0|7.75|66.4
2019-02|5.2|7.75|65.7
2019-03|5.3|7.75|64.8
2019-04|5.2|7.75|64.4
2019-05|5.1|7.5|64.6
2019-06|4.7|7.5|63.9
2019-07|4.6|7.25|63.1
2019-08|4.5|7.0|63.4
2019-09|4.7|6.5|65.0
2019-10|4.7|6.25|64.0
2019-11|4.6|6.25|63.6
2019-12|3.0|6.0|62.0
2020-01|2.4|6.25|61.8
2020-02|2.3|6.0|63.7
2020-03|2.5|6.0|73.7
2020-04|2.4|5.5|75.0
2020-05|2.3|5.5|72.4
2020-06|2.6|4.5|69.6
2020-07|3.0|4.5|70.6
2020-08|3.4|4.25|73.6
2020-09|3.7|4.25|76.2
2020-10|3.6|4.25|77.9
2020-11|3.5|4.25|76.2
2020-12|3.4|4.25|73.7
2021-01|5.2|4.25|74.4
2021-02|5.7|4.25|74.0
2021-03|5.8|4.5|74.8
2021-04|5.5|5.0|76.0
2021-05|5.5|5.5|73.6
2021-06|5.8|6.5|72.5
2021-07|6.5|6.75|73.6
2021-08|6.7|7.5|73.5
2021-09|7.0|7.5|72.8
2021-10|7.4|8.5|71.0
2021-11|8.1|8.5|73.7
2021-12|8.4|9.5|74.3
2022-01|8.7|9.5|76.7
2022-02|9.2|20.0|84.1
2022-03|16.7|20.0|103.8
2022-04|17.8|17.0|80.4
2022-05|17.1|14.0|66.1
2022-06|15.9|11.5|56.6
2022-07|15.1|9.5|58.2
2022-08|14.3|9.5|60.5
2022-09|13.7|9.5|59.5
2022-10|12.6|8.0|61.5
2022-11|12.0|8.0|60.8
2022-12|11.9|7.5|64.7
2023-01|11.8|7.5|69.0
2023-02|11.0|7.5|71.8
2023-03|3.5|7.5|75.8
2023-04|2.3|7.5|81.0
2023-05|2.5|8.0|80.2
2023-06|3.3|8.5|83.7
2023-07|4.3|12.0|89.5
2023-08|5.1|13.0|94.4
2023-09|6.0|15.0|96.6
2023-10|6.7|16.0|93.4
2023-11|7.5|16.0|88.6
2023-12|7.4|16.0|89.7
2024-01|7.5|16.0|88.9
2024-02|7.7|16.0|90.7
2024-03|7.7|16.0|91.8
2024-04|7.8|16.0|92.5
2024-05|8.1|16.0|91.6
2024-06|8.3|18.0|88.8
2024-07|8.5|18.0|86.6
2024-08|8.6|19.0|91.5
2024-09|8.5|19.0|92.5
2024-10|8.8|19.0|95.5
2024-11|9.1|19.0|97.5
2024-12|9.5|21.0|104.2
2025-01|9.9|21.0|98.0
2025-02|10.1|21.0|91.0
2025-03|9.9|21.0|85.0

Макро (годовые, 2015-2025, год|GDP|CPI|Unemployment|Rate|TradeBalance|BudgetDeficit|MOEX|USD/RUB|CCI, |, 
):
Year|GDP|CPI|Unemployment|Rate|TradeBalance|BudgetDeficit|MOEX|USD/RUB|CCI
2015|-2.0|12.9|5.6|10.5|105.0|1.7|1800|68.5|35
2016|0.2|5.4|5.6|10.0|122.0|3.0|2200|61.0|30
2017|1.8|2.5|5.0|7.5|132.0|1.9|2500|57.6|40
2018|2.8|4.3|4.8|7.75|151.0|-0.2|2400|69.0|45
2019|2.2|3.0|4.6|6.0|141.0|1.2|2800|62.0|40
2020|-2.7|3.4|5.9|4.25|138.0|4.7|3000|73.7|25
2021|5.6|8.4|4.3|9.5|172.0|2.3|4000|74.3|35
2022|-2.1|11.9|3.9|7.5|290.0|-0.6|2500|64.7|30
2023|3.6|7.4|2.9|16.0|88.0|-0.2|3000|89.7|42
2024|3.6|9.5|2.4|21.0|70.0|1.7|3500|104.2|45
2025|1.5|7.5|2.4|21.0|70.0|0.6|4000|90.0|50

Индикаторы:
SMA_50:простая скользящая (50 недель)
SMA_200:простая скользящая (200 недель)
MACD:(24,52,9)
ADX_14:сила тренда (14 недель)
RSI_21:относительная сила (21 неделя)
VWAP:объёмно-взвешенная цена (недельная)
Задача:
1.Анализируй долгосрочный тренд (SMA_50, SMA_200), импульс (MACD), силу тренда (ADX_14), перекупленность/перепроданность (RSI_21), сравни close с VWAP.
2.Учти МСФО (NP, Assets, EV/EBITDA) и макро (GDP, CPI, Unemployment, Rate, TradeBalance, BudgetDeficit, MOEX, USD/RUB, CCI).
3.Прогноз на 6-12 месяцев:направление (рост,падение,боковик), вероятность (%), поддержка/сопротивление.
4.Рекомендация:Активно продавать/Продавать/Держать/Покупать/Активно покупать (по всем данным и по индикаторам с обоснованием).
Формат ответа:
Текущая цена:[число]
Прогноз:[направление] ([число])
Поддержка:[число],Сопротивление:[число]
Рекомендация (все данные):[действие]
Рекомендация (индикаторы):[действие]|[обоснование]
Комментарий:[обоснование: индикаторы, МСФО, макро]
Правила:
Без Markdown

Текст должен быть поделен на абзацы.
