
Ты финансовый аналитик, прогнозирующий цену акции (тикер: AFLT) на более чем 1 год по данным за 10 лет (weekly), МСФО и макроэкономике России.
Текущая цена:54.95
Данные (10 лет, weekly, дата|close|SMA_50|SMA_200|MACD|ADX_14|RSI_21|VWAP, |, 
):
date|close|SMA_50|SMA_200|MACD|ADX_14|RSI_21|VWAP
2015-05-04|40.7|40.7|40.7|0.0|0.0|0.0|40.7
2015-05-11|40.61|40.655|40.655|-0.0038037735849059118|0.0|0.0|40.65418146928349
2015-05-18|41.2|40.836666666666666|40.836666666666666|0.017776142399434036|0.0|86.76470588235257|40.78775254846779
2015-05-25|41.1|40.9025|40.9025|0.03260039664850467|0.0|75.64102564102528|40.83573960793654
2015-06-01|39.8|40.682|40.682|-0.009317755315592535|0.0|28.3653846153846|40.70873791017745
2015-06-08|39.78|40.531666666666666|40.531666666666666|-0.04724433737794698|0.0|28.095238095238145|40.614902982130594
2015-06-15|37.9|40.15571428571429|40.15571428571429|-0.16013407580030758|0.0|14.824120603015118|40.34353611363687
2015-06-22|39.16|40.03125|40.03125|-0.20633719041632048|0.0|35.305343511450346|40.27212935747587
2015-06-29|37.05|39.7|39.7|-0.3357944769694754|0.0|25.170068027210874|40.04847285788915
2015-07-06|38.07|39.537|39.537|-0.406277661285678|0.0|34.28912783751494|39.877350802460846
2015-07-13|39.55|39.53818181818182|39.53818181818182|-0.40489778548021604|0.0|44.162436548223326|39.85746031869085
2015-07-20|39.13|39.50416666666667|39.50416666666667|-0.4202048153204174|0.0|42.356377799415775|39.81818663969609
2015-07-27|39.35|39.49230769230769|39.49230769230769|-0.4231892128610042|0.0|43.565300285986645|39.786360848592025
2015-08-03|40.52|39.565714285714286|39.565714285714286|-0.375104640380755|0.0|49.22813036020584|39.83972712941388
2015-08-10|39.87|39.586|39.586|-0.3588754916404895|0.0|46.62875710804222|39.84052418569868
2015-08-17|39.0|39.549375|39.549375|-0.38019451546018956|0.0|43.550834597875564|39.81915602501071
2015-08-24|39.04|39.519411764705886|39.519411764705886|-0.39622956216107497|0.0|43.721633888048395|39.785017950285
2015-08-31|34.85|39.26|39.26|-0.5863157444489957|0.0|33.19931074095348|38.49271910644811
2015-09-07|35.55|39.06473684210526|39.06473684210526|-0.7232408982949821|0.0|35.78133627829928|37.91882353471089
2015-09-14|36.53|38.938|38.938|-0.8008561751766052|0.0|39.07805133577789|37.82078164882491
2015-09-21|35.33|38.76619047619048|38.76619047619048|-0.9178669639173194|0.0|36.766880236569726|37.7427382080689
2015-09-28|38.8|38.76772727272727|38.76772727272727|-0.8720271053038715|0.0|46.00168350168349|37.89882837585225
2015-10-05|43.31|38.96521739130435|38.96521739130435|-0.6382020014738501|0.0|54.79063165365508|38.44610072610525
2015-10-12|48.9|39.37916666666667|39.37916666666667|-0.1930173563428923|0.0|61.60337552742615|39.97278016295746
2015-10-19|48.26|39.7344|39.7344|0.17463068755445477|0.0|60.616844602609724|40.700366670461094
2015-10-26|49.0|40.090769230769226|40.090769230769226|0.530851542453604|0.0|63.87213510253318|41.01134770961805
2015-11-02|51.94|40.529629629629625|40.529629629629625|0.9688618493418204|0.0|66.85144124168514|41.57048511492593
2015-11-09|53.39|40.98892857142857|40.98892857142857|1.4149830890267339|36.3275078182431|71.72510518934081|41.98224519191158
2015-11-16|57.86|41.570689655172416|41.570689655172416|1.9945757545318656|37.57863028568396|74.06073082861555|42.75636408599508
2015-11-23|55.42|42.032333333333334|42.032333333333334|2.3985334100936697|38.77744911769913|73.43710130135239|43.15801147047711
2015-11-30|57.33|42.5258064516129|42.5258064516129|2.829633935628472|40.28619860539635|74.02694610778443|44.084601621300195
2015-12-07|58.5|43.025|43.025|3.252186675786824|41.68718027254376|73.82449082222782|44.56602224133131
2015-12-14|56.51|43.43363636363636|43.43363636363636|3.532341858807655|39.696805757253465|71.02080309627479|44.829486040728405
2015-12-21|56.74|43.824999999999996|43.824999999999996|3.7794155661647935|37.84860085019819|71.02781136638451|44.93906000447919
2015-12-28|56.1|44.175714285714285|44.175714285714285|3.95968711066687|35.81983278303669|69.08378245957863|44.98266631770365
2016-01-04|54.05|44.45|44.45|4.020683165956136|33.36688612614714|66.79298910468972|45.05806087930921
2016-01-11|51.98|44.653513513513516|44.653513513513516|3.975057234024426|31.4603184923621|64.9470290188853|45.19423838550692
2016-01-18|52.03|44.84763157894737|44.84763157894737|3.9247784060304696|29.889759293435585|64.9551001611789|45.337346276646535
2016-01-25|50.5|44.9925641025641|44.9925641025641|3.8037548748145866|28.46254380946112|69.19303409369633|45.44594027650046
2016-02-01|57.3|45.30025|45.30025|3.972527990576488|27.031461251878653|73.20247493065926|45.977623638211625
2016-02-08|54.41|45.522439024390245|45.522439024390245|3.9878040304454743|26.028192232589486|68.32718327183271|46.191372372162455
2016-02-15|53.4|45.71|45.71|3.94660220300738|25.096585286106688|68.59436097962543|46.28675198415086
2016-02-22|55.35|45.93418604651163|45.93418604651163|3.9806277483682067|24.27375885922765|67.58019970257064|46.39445428274296
2016-02-29|65.49|46.37863636363636|46.37863636363636|4.427291487020867|25.420349873863973|71.0436432637571|47.35565761132368
2016-03-07|64.77|46.78733333333333|46.78733333333333|4.778919713052176|26.862913286950867|66.59000627221408|48.04494571699552
2016-03-14|70.51|47.30304347826087|47.30304347826087|5.3183795094918125|28.612964294602328|71.01832609106367|48.80569809299253
2016-03-21|73.21|47.85425531914894|47.85425531914894|5.894011828877268|30.52961077208126|72.0531973036983|49.478679300300286
2016-03-28|74.55|48.41041666666666|48.41041666666666|6.442450065347934|32.45112186517506|71.21411146556576|49.86212972437203
2016-04-04|79.0|49.034693877551014|49.034693877551014|7.0965996888337415|34.56140390497029|72.74826789838338|50.5383687134815
2016-04-11|78.0|49.614|49.614|7.612019394187342|36.804011050489166|69.06474820143885|51.167074902701266
2016-04-18|78.21|50.364200000000004|50.17470588235294|8.054207497434902|37.9572463862952|72.52421427159517|51.71677679007907
2016-04-25|77.48|51.1016|50.69980769230769|8.39050169752521|39.02810776954367|70.39060918842341|52.10582396116652
2016-05-02|78.5|51.84759999999999|51.22433962264151|8.705996859725829|40.105198021835236|70.30044660982543|52.31152446460359
2016-05-09|80.51|52.635799999999996|51.766666666666666|9.043968058082378|41.31494435488446|74.35064935064936|52.67372282709767
2016-05-16|78.8|53.4158|52.25818181818182|9.243593977659657|42.542859039494886|71.72970843183609|52.99686186146482
2016-05-23|81.0|54.240199999999994|52.771428571428565|9.485395357096273|43.74409608679879|73.79587155963303|53.33744976251316
2016-05-30|88.2|55.2462|53.39298245614035|9.97512474324779|45.35455947316687|79.7111536453802|53.835423570926096
2016-06-06|83.92|56.141400000000004|53.919310344827586|10.197669702480049|47.01910497730446|76.75938337801608|54.22713526756082
2016-06-13|84.7|57.09439999999999|54.44101694915254|10.396865595589126|48.31102176282389|77.04022512829002|54.497996386687284
2016-06-20|83.42|58.001400000000004|54.924|10.48772545991713|49.04111380349949|77.36037234042553|54.76697381782532
2016-06-27|86.01|58.9306|55.43360655737705|10.645965247854527|49.02561964340652|75.656836461126|55.09518066392037
2016-07-04|89.0|59.92799999999999|55.974999999999994|10.88028329333315|49.33241409968705|80.8563782337199|55.30661015644823
2016-07-11|87.18|60.8846|56.47031746031746|10.977954187048681|49.79967925954008|79.70453746042914|55.63309927930251
2016-07-18|86.88|61.81179999999999|56.945468749999996|11.018600331637458|49.63260418682493|78.55460967216084|55.941338990157554
2016-07-25|85.7|62.7284|57.387846153846155|10.97144827599675|49.36341587697219|71.84864864864866|56.267182523550424
2016-08-01|87.0|63.6884|57.83651515151515|10.951527404773714|49.11345530353751|73.73478539397823|56.43224660460694
2016-08-08|85.79|64.6234|58.25373134328358|10.849690958310546|48.99195331370851|68.0614657210402|56.60127486821339
2016-08-15|83.25|65.59140000000001|58.62132352941177|10.619432154133506|47.298222161772806|61.912672045562424|56.78065875144259
2016-08-22|94.0|66.7604|59.13405797101449|10.837868904385445|47.08695440707155|68.86517943743938|57.28831944266342
2016-08-29|101.95|68.0688|59.745714285714286|11.334529155274495|47.6887192604143|70.84468664850137|58.12419348581111
2016-09-05|103.8|69.4382|60.36619718309859|11.81818527427204|48.828173804036034|73.07692307692308|58.61411022481846
2016-09-12|104.2|70.7462|60.974999999999994|12.227585943318857|49.646796618331344|73.16812266001071|58.869616665737794
2016-09-19|114.25|72.165|61.70479452054794|12.977862653521612|50.939174441631216|78.10732303929062|59.56075594746027
2016-09-26|116.93|73.5256|62.451081081081085|13.716159355750847|52.301606666084886|78.64917250633667|60.47817198615114
2016-10-03|118.77|74.9358|63.202|14.40611965332964|53.84820775213434|78.59491778774289|61.20114685127251
2016-10-10|116.0|76.2758|63.896710526315786|14.856367917817636|54.8332925014413|77.36904061212479|61.98681380114163
2016-10-17|126.69|77.7708|64.71220779220779|15.66191942164643|55.966944837375664|79.88227599738391|62.78269382182599
2016-10-24|129.19|79.2868|65.53884615384615|16.433439599989526|57.20644901588175|78.56445993031359|63.54775662266003
2016-10-31|130.85|80.7466|66.36556962025317|17.13700141945857|58.55653695551435|83.94329524085057|64.41378602598127
2016-11-07|129.6|82.23020000000001|67.15599999999999|17.655288218371282|58.458003619812686|82.25574712643679|65.31192218726065
2016-11-14|129.91|83.68180000000001|67.93074074074075|18.07392162384383|58.36650837951828|83.87002768468601|65.69288313824136
2016-11-21|130.0|85.1118|68.68768292682927|18.393771660163793|58.31547474851946|83.26024497202481|66.14587993194341
2016-11-28|135.9|86.69959999999999|69.49746987951808|18.87075958919219|58.782950050662706|83.96581691772886|67.41614151820258
2016-12-05|147.68|88.5184|70.42821428571429|19.73393227024394|59.544131191685814|88.29113924050633|68.58054628910757
2016-12-12|149.8|90.39240000000001|71.36200000000001|20.528110251974283|60.46652502716323|88.92600841375898|69.93190347979612
2016-12-19|153.3|92.3774|72.31476744186047|21.317135407869984|61.55574582134246|90.6543180178013|70.80062515120478
2016-12-26|152.85|94.39479999999999|73.24045977011494|21.93227349559389|62.56716513022318|90.0109369303682|71.18835908741977
2017-01-02|146.31|96.28039999999999|74.07079545454545|22.13422661477712|62.46535351725072|84.53549417941109|71.71572350373926
2017-01-09|156.9|98.4084|75.0014606741573|22.693769333526404|61.17370007870469|88.49169018501097|73.0403200777286
2017-01-16|160.5|100.4724|75.95144444444445|23.272764451834945|60.20239979789705|87.56213285133302|73.97964904049964
2017-01-23|168.5|102.7542|76.96846153846154|24.053194803509328|59.56868542090955|87.56915434119904|74.76211859452891
2017-01-30|178.5|105.2562|78.07206521739131|25.094124632415003|59.53862704554442|88.61662531017369|75.71662337187644
2017-02-06|179.5|107.7392|79.162688172043|25.982150436774802|59.53005642914333|88.68680641183724|76.7187092674824
2017-02-13|173.1|109.89139999999999|80.16202127659574|26.41937735508948|59.52726139277901|81.41347283014838|77.36739738803634
2017-02-20|167.0|111.93599999999998|81.07610526315788|26.4688789896274|58.39290325815489|75.78535379544752|77.6865135835415
2017-02-27|168.85|113.90280000000001|81.99041666666666|26.510984575555298|57.84113348136329|75.78784757981461|79.00156642593609
2017-03-06|149.2|115.4226|82.68329896907217|25.637736208756223|55.44451172737261|64.56395858922616|79.64325358226428
2017-03-13|161.55|117.1626|83.4880612244898|25.309229583027644|52.94425761285294|65.0726392251816|80.48028849116533
2017-03-20|167.6|118.9346|84.33767676767677|25.19770113750934|51.21452633382038|66.11292893699135|80.9940143996504
2017-03-27|168.0|120.73460000000001|85.1743|25.03980402721274|49.73300912139698|65.750869159671|81.3869591715001
2017-04-03|171.9|122.6084|86.0329702970297|24.98925872420388|48.85781580964119|67.5402222590811|81.97091533296268
2017-04-10|161.75|124.29379999999999|86.77529411764706|24.44009142207088|47.05190749626911|62.20671676123293|82.62584524124821
2017-04-17|167.35|126.0708|87.55757281553399|24.116820772191403|45.37499263385219|63.73868903111895|83.0316478560041
2017-04-24|175.75|127.97560000000001|88.40557692307692|24.11284812660847|44.71056843833613|64.3935563100484|83.61088643549415
2017-05-01|187.6|130.1516|89.35028571428572|24.537367895834734|44.63634571966923|64.41155234657039|84.32943799093437
2017-05-08|184.15|132.21460000000002|90.24462264150944|24.693301645056692|44.692186853296754|62.2827719373525|84.86404422516259
2017-05-15|189.1|134.2326|91.1685046728972|24.96600887619411|44.336720495523764|62.66987542468855|85.68655615797202
2017-05-22|190.1|136.3562|92.08453703703702|25.174327024586148|44.26170233998024|63.131918493971654|86.410438872978
2017-05-29|185.8|138.37820000000002|92.94431192660551|25.101013726446894|44.1920426241184|64.14499605988968|87.07529669139326
2017-06-05|192.85|140.5668|93.85254545454546|25.25829632748605|44.127358602246694|63.21205439176774|87.59997571876247
2017-06-12|174.65|142.33960000000002|94.58045045045046|24.552076935568323|41.9274531426206|54.69631596415533|88.42703636709886
2017-06-19|191.35|144.3866|95.44446428571429|24.558564743521686|39.98760638919847|57.16975211797929|89.63794849486659
2017-06-26|195.3|146.549|96.32814159292036|24.65711262258222|38.21590212911018|55.47945205479452|90.30371791495696
2017-07-03|213.0|149.07139999999998|97.35157894736842|25.41799429175026|38.16649031684494|59.85294117647059|91.70648248353336
2017-07-10|212.8|151.6134|98.35547826086956|26.00640351497077|38.62454326883715|62.11843711843713|93.32229238518809
2017-07-17|208.5|154.0434|99.30499999999999|26.26706646197283|38.51282205476059|62.808641975308646|94.48197507681641
2017-07-24|203.35|156.3946|100.1942735042735|26.200869760829846|37.96150396367245|60.435571687840294|95.20051053864053
2017-07-31|205.45|158.8386|101.08627118644068|26.151924697068296|37.25917308767696|69.03553299492387|95.83250424736124
2017-08-07|202.9|161.0166|101.9418487394958|25.92187167172446|36.93403018560897|64.98731424429141|96.35025617055452
2017-08-14|212.65|163.23059999999998|102.86441666666666|26.052030399713004|36.70886978681163|65.9018708083304|96.86927371436288
2017-08-21|204.0|165.2346|103.7002479338843|25.723025166755775|36.650145969913076|62.00800533689127|97.40676926890492
2017-08-28|190.0|166.9506|104.40762295081967|24.76240989209475|34.729623071836215|55.65625000000001|98.83625096400205
2017-09-04|195.85|168.5826|105.15105691056911|24.084484339833836|32.825862553308376|60.95054592164419|99.85449196524604
2017-09-11|194.5|170.13400000000001|105.87161290322581|23.35456387933465|31.058084928961097|58.963354242324215|100.71003512949699
2017-09-18|183.95|171.43759999999997|106.49624|22.191986554290963|29.18222721241113|52.669270833333336|102.29289893744986
2017-09-25|183.95|172.7966|107.11095238095238|21.095781913918586|27.866320148362785|48.71252204585538|103.27214576692508
2017-10-02|181.0|173.88280000000003|107.6927559055118|19.936965935946887|26.64440644603218|48.884955752212385|103.94680875179311
2017-10-09|180.6|174.91100000000003|108.26234375|18.833993101301928|25.6093229847473|46.89100219458668|104.56262744930213
2017-10-16|182.5|175.94400000000002|108.83782945736434|17.8809945296463|24.64817405641134|47.23837209302326|104.87695631240469
2017-10-23|182.8|177.00799999999998|109.40676923076923|16.996019961592964|23.308621491652254|48.877245508982035|105.3965674189828
2017-10-30|162.4|177.65779999999998|109.81129770992366|15.299069585613381|23.835624191929572|39.63933310649882|106.65654989115872
2017-11-06|163.4|178.3258|110.21727272727273|13.79286651439341|24.740006486112993|45.664739884393065|107.52229232645415
2017-11-13|164.55|178.89880000000002|110.62578947368421|12.466415443752965|25.650918310431397|38.26619964973731|108.14471203199672
2017-11-20|159.85|179.1422|110.99313432835821|11.055854864404836|26.227917179907617|34.58025228360157|108.63620000312928
2017-11-27|148.15|179.10920000000002|111.26837037037036|9.279242804757303|27.492364075677408|20.23864157870584|109.27812529680439
2017-12-04|144.35|178.9302|111.51161764705883|7.517821735183276|28.95725028599867|19.591292758773875|109.68300674241107
2017-12-11|143.6|178.7452|111.7458394160584|5.90407214910698|30.606316557094033|20.22935779816514|110.11223819231527
2017-12-18|138.8|178.595|111.94188405797101|4.254755505285175|32.006901174069846|20.294523699953984|110.36390684978933
2017-12-25|138.45|178.226|112.13258992805756|2.7670064900216857|33.30744403269024|18.662301216089816|110.482214107794
2018-01-01|147.3|177.96200000000002|112.38378571428571|1.8156120591807792|33.0520648029903|25.44169611307423|110.70343919891022
2018-01-08|145.6|177.50400000000002|112.61936170212766|0.8960285756991766|32.48154711190454|18.116975748930116|111.01941148678084
2018-01-15|138.7|176.708|112.80302816901408|-0.21239070009451666|32.700204638892046|18.42359767891685|111.4709204608255
2018-01-22|134.2|175.80200000000002|112.95265734265735|-1.3832029625138773|33.001675145046384|20.287539936102263|111.67893110655626
2018-01-29|133.5|175.01|113.09534722222222|-2.445112375319809|33.49345360868096|14.873239436619755|111.94036109497253
2018-02-05|139.3|174.456|113.27606896551724|-3.132689199259488|33.592376670763|20.386266094420634|112.28459981567276
2018-02-12|137.3|173.825|113.44061643835617|-3.8164604126060624|33.510152593519486|22.445363260484385|112.47765221852492
2018-02-19|140.1|173.643|113.62197278911565|-4.291930444006113|33.27013049107028|24.928530588907975|112.60891590729908
2018-02-26|152.0|173.45199999999997|113.88128378378379|-4.196955821407073|31.24639903416959|34.9585062240664|113.31029117055479
2018-03-05|157.45|173.24900000000002|114.1736912751678|-3.8698667228453303|29.111754292423388|38.590438639724006|113.67921610640704
2018-03-12|160.5|173.09900000000002|114.48253333333334|-3.439712021332639|27.921914756037673|39.27875243664718|114.38030278422076
2018-03-19|158.35|172.828|114.7730463576159|-3.1393872568347376|26.17193503481969|38.295835327908094|114.76564711167116
2018-03-26|155.6|172.705|115.04164473684212|-2.980263862281248|24.546953865117278|46.082949308755765|114.99243726247104
2018-04-02|157.3|172.50400000000002|115.31784313725491|-2.758548543594202|23.038042778965035|46.51428571428572|115.15028836649209
2018-04-09|144.85|171.88600000000002|115.50961038961039|-3.0801287224664406|22.87745608000805|40.03036437246964|115.62020591906811
2018-04-16|149.4|171.122|115.72825806451614|-3.1632178054304063|22.728339859547987|44.70349721236696|115.78876163549124
2018-04-23|144.85|170.336|115.9149358974359|-3.4195277096530674|22.589874797692215|48.1967213114754|115.94287917195125
2018-04-30|141.65|169.387|116.07885350318472|-3.7713566959282048|22.668536089059852|48.51485148514852|116.06752114795152
2018-05-07|137.5|168.335|116.21443037974684|-4.2468359216769045|23.140141171618414|46.76564156945918|116.20099644951743
2018-05-14|136.75|167.354|116.34358490566038|-4.686647082519556|24.01107981714615|48.86426592797783|116.34060056477013
2018-05-21|132.2|166.14100000000002|116.4426875|-5.254157952963595|24.936181444021088|46.69137109581789|116.41615992487613
2018-05-28|139.65|165.44099999999997|116.58683229813664|-5.425836156147739|25.132389438374013|45.88930682428802|116.65896610628556
2018-06-04|144.35|164.50100000000003|116.75820987654322|-5.362798561966912|24.610455436055226|49.3492972410203|116.84155214926426
2018-06-11|140.5|163.405|116.90386503067485|-5.453519850855969|24.125802433902066|50.96774193548388|116.92240390355595
2018-06-18|140.55|161.95600000000002|117.04804878048782|-5.515257203658564|24.03707408230057|53.58554488989273|117.01800135081136
2018-06-25|139.8|160.496|117.18593939393939|-5.584960513864502|23.809356871164987|53.55530474040633|117.12038822518836
2018-07-02|129.55|158.917|117.26042168674698|-6.0630149597634215|24.942480163011787|44.760881246641596|117.27515084238718
2018-07-09|123.25|157.315|117.2962874251497|-6.734189152367492|26.157738498338297|42.78376990241397|117.31457340489635
2018-07-16|121.45|155.635|117.3210119047619|-7.384114111850579|27.509278962031647|40.32174364296836|117.33674503641171
2018-07-23|122.2|154.02100000000002|117.34988165680474|-7.9054918635685|28.764280821175472|32.5117370892019|117.35320561071066
2018-07-30|118.1|152.13|117.35429411764706|-8.5164761166333|30.42825057635483|26.53548002385216|117.35791951603757
2018-08-06|105.0|150.15|117.28204678362573|-9.58532036144723|32.769834329174024|20.44728434504796|117.2369270726198
2018-08-13|109.0|148.53|117.23389534883721|-10.333556601236666|34.94416209964899|24.22976501305486|117.1776441698604
2018-08-20|104.45|146.702|117.16|-11.157063682646509|37.089435094374544|23.782675550999514|117.13670458966779
2018-08-27|115.5|145.122|117.15045977011495|-11.385399948128168|37.388983379849265|30.4490177736202|117.1252741292273
2018-09-03|108.55|143.614|117.10131428571428|-11.846906996896053|37.667135359218655|32.100591715976336|117.10307294273245
2018-09-10|105.75|142.05|117.03681818181818|-12.338046725361806|38.219157058956725|28.09834420471651|117.05561766422247
2018-09-17|111.0|140.65|117.00271186440678|-12.5137106609006|38.043383445236806|33.13403089187844|117.02003385362066
2018-09-24|106.55|139.16899999999998|116.94398876404493|-12.819521192027707|37.88016508963973|32.72637795275591|116.97713019081432
2018-10-01|104.65|137.612|116.87530726256983|-13.131851507683521|37.88203072421896|33.4675390035229|116.94274745036253
2018-10-08|102.0|135.996|116.79266666666666|-13.480708907105068|38.1623208869198|32.839506172839506|116.8866401708401
2018-10-15|95.5|134.65800000000002|116.6750276243094|-14.023566940231902|38.83122681965332|32.21899224806202|116.77253174157833
2018-10-22|91.6|133.22199999999998|116.53725274725274|-14.62664483087103|39.80213631971632|25.890617160060202|116.64614019975815
2018-10-29|101.78|131.96660000000003|116.45661202185794|-14.68613448098138|39.73875596499041|29.75363835251595|116.51778332983643
2018-11-05|95.14|130.6724|116.34076086956522|-14.975098119966674|39.31708390604886|28.984432913269103|116.40791526533837
2018-11-12|101.2|129.7334|116.25891891891892|-14.929584124532624|38.86994926820495|32.73062406740982|116.30514067973287
2018-11-19|113.74|129.12120000000002|116.24537634408601|-14.314228461783742|36.84087882187009|39.63569837734648|116.27531769594744
2018-11-26|114.4|128.53719999999998|116.23550802139037|-13.698357438197633|34.21749078949888|43.47713769051925|116.25443147044457
2018-12-03|103.7|127.8352|116.16882978723405|-13.564010162409488|32.341862764659666|41.889985895627646|116.14098345775956
2018-12-10|102.1|127.1082|116.09439153439153|-13.471749486825232|31.04757980885069|41.95961106955872|116.05661902841723
2018-12-17|102.2|126.20620000000001|116.02126315789474|-13.345176829913825|29.845745635599492|41.64438502673797|115.97482288523382
2018-12-24|101.18|125.3178|115.94356020942409|-13.235946313780445|28.800737535130395|42.744425385934825|115.92259444988464
2018-12-31|101.1|124.5658|115.86625|-13.102669951003406|27.83037287040909|48.11739718092296|115.91255561027087
2019-01-07|104.66|123.975|115.8081865284974|-12.794667042821146|26.1607679617291|47.89606360286989|115.8653706020153
2019-01-14|107.0|123.445|115.76278350515463|-12.384473775297323|24.54619011111215|51.26325175864461|115.80551393000714
2019-01-21|105.7|122.77300000000001|115.71117948717949|-12.038892946688549|23.046939249824984|44.62601447685896|115.76700506428702
2019-01-28|105.22|122.1314|115.6576530612245|-11.716899072164125|21.995121469628025|48.03447054657066|115.70578574978302
2019-02-04|101.9|121.3674|115.58781725888325|-11.536788573216356|20.663517941143628|47.741405608353865|115.61068581533247
2019-02-11|101.62|120.35979999999999|115.51727272727271|-11.354345728266466|19.57634338447608|44.15649140294045|115.54411875327415
2019-02-18|100.12|119.2132|115.43989949748745|-11.221951132010389|18.566824153284784|45.84141766912432|115.48518481435933
2019-02-25|96.76|117.9384|115.34649999999999|-11.212874403001763|18.236552240570223|44.991748127459694|115.37576319412057
2019-03-04|99.68|116.765|115.64139999999999|-11.047577421311871|18.12497926413588|48.532388663967616|115.29003899338397
2019-03-11|100.08|115.65460000000002|115.93875|-10.850985972853394|17.45701625736781|53.13956676720592|115.20708685446233
2019-03-18|97.66|114.4618|116.22105000000002|-10.746468453658508|17.108012722289388|54.24013434089|115.1398498478219
2019-03-25|96.3|113.49080000000002|116.49705|-10.678977945107391|16.905931118785034|45.62579821200511|115.08294807792039
2019-04-01|99.54|112.4936|116.79575000000001|-10.450055470910499|16.441772875250756|53.7137069547603|115.04494616208163
2019-04-08|98.22|111.561|117.08795|-10.271635633841356|15.958375322365697|47.26605504587156|114.99871855548453
2019-04-15|97.6|110.68|117.38645000000001|-10.108878644092343|15.509506166115285|31.047440112729007|114.96645153260597
2019-04-22|97.12|109.8724|117.67625|-9.9545620678267|15.414725262107098|29.622641509433976|114.92393434874424
2019-04-29|96.7|109.0714|117.9745|-9.805647658595817|15.430367678992445|39.10336239103364|114.89135508602547
2019-05-06|92.9|108.28540000000001|118.24865|-9.804818079228127|16.027299916245862|36.59673659673663|114.82845644813851
2019-05-13|91.96|107.33160000000002|118.51070000000001|-9.814212517782678|17.061585926974608|35.437997724687136|114.7453324788639
2019-05-20|91.0|106.26460000000002|118.77005000000001|-9.833475028238055|18.021994365508444|35.49857549857549|114.68303036470323
2019-05-27|93.8|105.33059999999999|119.0423|-9.702502216654054|18.115377840406794|40.34902168164992|114.58287384031665
2019-06-03|95.86|104.4368|119.31900000000002|-9.47019948695241|17.09105277470591|37.885462555066084|114.46532452460687
2019-06-10|97.66|103.594|119.60795|-9.159881071942749|16.060707385546824|36.94801565120179|114.40165783521958
2019-06-17|100.04|103.00380000000001|119.91314999999999|-8.7569202982868|15.484210927598568|42.32230059685297|114.28707587281183
2019-06-24|101.76|102.57400000000001|120.22675|-8.301055642670534|15.178933059244784|45.45931758530185|114.23546798437843
2019-07-01|110.0|102.345|120.6025|-7.524170009758393|16.657241844876793|59.41422594142258|114.18210019944178
2019-07-08|109.08|102.0826|120.97014999999999|-6.852574894705597|18.029957145820802|58.543289051763615|114.15394135279973
2019-07-15|108.02|101.881|121.3276|-6.282136125244648|19.447580980701336|59.13928736695972|114.13583643506463
2019-07-22|107.58|101.93260000000001|121.68885|-5.776767656506024|20.575621788080326|63.42431761786599|114.11767893829878
2019-07-29|106.62|101.885|122.02795|-5.352507819180431|21.234638509674607|59.05059989567031|114.09592767895613
2019-08-05|108.8|101.972|122.35539999999999|-4.86862342638068|21.242226950689403|60.86739780658026|114.06935165778377
2019-08-12|110.4|101.87|122.66290000000001|-4.357928417731898|21.657383707407327|66.2086513994911|114.04989489918388
2019-08-19|108.56|101.87020000000001|122.96440000000001|-3.970428826172707|20.22255400844352|65.40975364504777|114.0268362629885
2019-08-26|109.74|101.95|123.26809999999999|-3.5655241196039356|18.890212145119985|63.520678685047706|114.00866974187664
2019-09-02|104.48|101.81960000000001|123.5308|-3.4186144461823744|18.144631363092422|57.513202112337986|113.96648978645217
2019-09-09|106.46|101.8178|123.79615|-3.1945544426289842|17.452306351209685|60.2975360297536|113.94773651775515
2019-09-16|102.64|101.7776|124.02005000000001|-3.1480030449394434|17.47335042754017|55.95340811044003|113.86295395734362
2019-09-23|103.4|101.8056|124.25994999999999|-3.065167722924656|17.557231642403035|57.173447537473244|113.83457848695058
2019-09-30|99.3|101.88159999999999|124.46979999999999|-3.1558647013284116|18.04145513411768|56.80851063829787|113.79152100745966
2019-10-07|100.18|102.0532|124.6782|-3.189437604620707|18.705665946800448|58.75585854282064|113.75727781082017
2019-10-14|104.8|102.11359999999999|124.91965|-3.0142702575591045|18.05526411586355|63.63636363636363|113.70856246319067
2019-10-21|102.8|102.2668|125.14995|-2.9346261978356836|17.451319558565007|59.036144578313255|113.67434159429173
2019-10-28|105.26|102.34800000000001|125.39574999999999|-2.7512896039889796|16.209943466229976|59.36254980079682|113.63258302134705
2019-11-04|106.16|102.1964|125.65629999999999|-2.5426413149337748|15.057237094776019|58.62068965517242|113.61636945740776
2019-11-11|105.4|102.01639999999999|125.9234|-2.3823733841250885|14.306261928814218|55.620805369127524|113.59258561061668
2019-11-18|104.66|102.03560000000002|126.18655000000001|-2.2645743076156037|13.523372855156131|53.10492505353318|113.57174730959814
2019-11-25|102.84|102.0504|126.44825|-2.230373089520441|13.098934207891194|41.11221449851043|113.53935264443646
2019-12-02|102.2|102.05040000000001|126.67275000000001|-2.2204111867402787|13.458400915410499|41.400000000000006|113.49805845211377
2019-12-09|104.98|102.12639999999999|126.92560000000002|-2.0873946156398375|13.239241588422436|46.35666347075744|113.45625335146325
2019-12-16|103.7|102.1784|127.17710000000001|-2.01743384857312|12.98115774413755|45.441729323308266|113.4161151606137
2019-12-23|103.78|102.16080000000002|127.41925|-1.9460272710911966|12.859606365514212|46.593090211132434|113.39346705420508
2019-12-30|103.34|102.08760000000001|127.6085|-1.8955336677171175|12.74673722822111|43.16474712068102|113.38545677581851
2020-01-06|105.04|102.07439999999998|127.80985000000001|-1.7732611156954903|11.984459953042563|43.306693306693305|113.35941120596495
2020-01-13|110.74|102.18480000000001|128.011|-1.4187564002357504|12.750611003417008|52.48291571753986|113.33478590163435
2020-01-20|114.82|102.44319999999999|128.21904999999998|-0.9281986214922|14.465657341787733|55.42735042735043|113.34976927186725
2020-01-27|107.4|102.55879999999999|128.3833|-0.8047140411509588|14.526265332691384|52.982026143790854|113.26725911714973
2020-02-03|119.62|102.9488|128.5864|-0.1764979891472649|15.868844117751408|61.11486486486487|113.35853477708474
2020-02-10|119.4|103.4016|128.7934|0.3708857247824966|17.22873844259893|65.07194244604318|113.40187417770608
2020-02-17|115.86|103.72519999999999|128.98165|0.7047404821715304|17.974571177877575|60.67146282973621|113.41325213731616
2020-02-24|92.94|103.58239999999999|129.05895|0.02947457159693556|18.627363486881386|45.88082901554404|113.04107959001216
2020-03-02|85.08|103.3308|129.09185|-0.9006120785090275|19.852015474419108|41.031123782371104|112.4086380512185
2020-03-09|73.96|102.884|129.0591|-2.1912605254978956|21.98403386058607|32.9951477723864|111.58125771463646
2020-03-16|64.32|102.1796|128.9867|-3.7346609679250236|24.69571124856884|30.431244914564687|109.3321363597511
2020-03-23|66.78|101.5508|128.91559999999998|-4.985762911393195|26.24610577098665|30.431244914564687|107.30849511951888
2020-03-30|69.86|100.99600000000001|128.82389999999998|-5.948117272180056|27.68575782751747|31.940298507462686|106.48463408364246
2020-04-06|78.8|100.62960000000001|128.7983|-6.404275156039887|27.954093115895414|37.76223776223776|105.91571532768805
2020-04-13|74.2|100.17960000000001|128.7458|-6.983185418034907|28.20326159796065|36.46703394348676|105.42158129891268
2020-04-20|73.62|99.794|128.6968|-7.499116735505112|28.434632331306943|36.8733153638814|105.12677475059604
2020-04-27|75.76|99.47|128.64555000000001|-7.842777843769667|28.45722089318461|38.280141843971634|104.92568841712041
2020-05-04|72.88|99.10759999999999|128.56494999999998|-8.245059631406846|28.600799703619494|35.78387953941541|104.70015038578477
2020-05-11|70.94|98.6504|128.48375|-8.658294573574977|28.867865939447903|35.57590700951039|104.47064690716584
2020-05-18|73.0|98.19319999999999|128.41435|-8.910922051966608|29.172985498596855|36.67993768391898|104.15705918161068
2020-05-25|78.06|97.8012|128.37615|-8.893811368151916|28.514316517119774|39.480692410119836|103.70330876722919
2020-06-01|89.8|97.59639999999999|128.39015|-8.355633196387956|26.531591190858794|44.147465437788014|103.3860037594616
2020-06-08|87.7|97.31519999999999|128.3997|-7.942723363735354|25.427631888099928|40.90047393364929|102.95050770784461
2020-06-15|81.7|96.7492|128.39195|-7.8067881734286|23.822708854181023|37.11484593837536|102.49194309132947
2020-06-22|79.38|96.15520000000001|128.31885|-7.7609322255618025|22.15191833078711|38.648517258142924|102.29636687174138
2020-06-29|80.98|95.6144|128.214|-7.629284862731623|20.69206852147925|32.87234042553192|102.04681780135734
2020-07-06|81.56|95.09400000000001|128.1028|-7.4651946770329545|19.33649369855052|33.28031106398021|101.91252827930748
2020-07-13|83.2|94.62559999999999|127.99779999999998|-7.228078777762988|17.981642471904372|35.322667625381996|101.795580345173
2020-07-20|88.36|94.2168|127.86834999999999|-6.778260464589636|17.457975162041816|47.55080213903743|101.64068237324626
2020-07-27|83.2|93.6728|127.69969999999999|-6.577664296128717|16.835329991468367|48.9647577092511|101.4184425476609
2020-08-03|81.48|93.1312|127.51324999999999|-6.4529171544010495|15.736462416400808|54.61916461916462|101.19336436443375
2020-08-10|86.1|92.65839999999999|127.36375|-6.127739746201684|15.365616575409135|64.25765907305578|100.98195537120243
2020-08-17|83.12|92.2312|127.1459|-5.94731404144494|15.021259723059726|60.62418725617686|100.92138068292645
2020-08-24|82.24|91.74680000000001|126.91114999999999|-5.806824526089912|15.28251921112676|58.28647925033467|100.8692265737121
2020-08-31|81.8|91.33|126.66590000000001|-5.683517733927033|15.207598991062792|52.26586102719033|100.79570665843637
2020-09-07|81.72|90.8964|126.42649999999999|-5.560579667404184|15.13803021528911|56.09597924773022|100.75565638155322
2020-09-14|81.78|90.546|126.18585000000002|-5.432422180082753|15.21065858678834|56.671026814911706|100.69102408197709
2020-09-21|74.18|90.02600000000001|125.90675000000002|-5.623774314914158|14.300680013527897|48.81416991894326|100.55075173353153
2020-09-28|69.0|89.31|125.57225|-5.995125980497235|14.17914568788389|47.185142193847945|100.34721678313919
2020-10-05|60.26|88.4592|125.13515|-6.675167489785508|15.095303464798098|42.94770206022187|99.26052067339046
2020-10-12|58.2|87.51799999999999|124.67715|-7.344109392001357|16.132437604007198|40.22715266772319|98.4718820775439
2020-10-19|59.82|86.59120000000001|124.20975|-7.845673477836215|17.09549073327279|37.38240177089098|98.0993980964742
2020-10-26|57.3|85.6292|123.73200000000001|-8.372520254268622|18.299819660650464|24.230891214716138|97.4858845500061
2020-11-02|59.66|84.7292|123.29875|-8.713909829920055|19.41812509321545|27.85849652558433|97.09494625010262
2020-11-09|67.3|84.0184|122.85074999999999|-8.666931967972474|18.915218852041363|38.91625615763545|96.1369552651801
2020-11-16|68.98|83.354|122.39314999999999|-8.528175168020468|18.098621847179608|41.91542288557214|95.63678997366527
2020-11-23|72.0|82.6944|121.91064999999999|-8.251952958951946|17.01197536582466|43.170063888043806|95.19599638071584
2020-11-30|74.14|82.1032|121.38885|-7.8920612887080495|16.07751620056216|44.48736998514116|94.94699281952003
2020-12-07|71.76|81.4628|120.85015|-7.650218892971509|15.209804118532697|41.593180482069364|94.70364589437426
2020-12-14|71.4|80.824|120.34165000000002|-7.428240020691604|14.126120207606517|36.59076533839342|94.4435594464062
2020-12-21|69.14|80.10600000000001|119.85235|-7.304818000112675|13.628593421150907|38.34935366257872|94.21471459531642
2020-12-28|71.44|79.32|119.36529999999999|-7.07629475321491|12.958850457555254|41.759684832567295|94.11256573229713
2021-01-04|73.58|78.49520000000001|118.98720000000002|-6.762179321045906|12.082731265635237|39.28815879534565|93.99531655527842
2021-01-11|72.3|77.7932|118.54095|-6.517782249937653|11.411993014681483|40.465280225590405|93.83588701312036
2021-01-18|71.84|76.83760000000001|118.06215|-6.301186858685014|10.605200189068626|40.76704545454546|93.68824276714102
2021-01-25|69.88|75.8472|117.57155|-6.173253921798931|10.268604029058926|39.69571230982019|93.44787708145115
2021-02-01|70.82|74.9464|117.06615|-6.001632525078492|9.956050451907062|40.715502555366264|93.33866794112052
2021-02-08|69.28|74.4732|116.60379999999999|-5.89666767341555|9.954878134436967|39.614489863742115|93.14205900956009
2021-02-15|69.14|74.1544|116.11274999999999|-5.791859792891557|9.953789553929024|45.220030349013655|92.96580515372787
2021-02-22|69.66|74.0684|115.58229999999999|-5.659612937777453|9.601019207903727|50.686641697877654|92.84216461580257
2021-03-01|69.28|74.16760000000001|114.9907|-5.541511796041618|9.094046129494103|61.36020151133502|92.67914623021318
2021-03-08|69.86|74.2292|114.41924999999999|-5.395716560992341|8.623285413828023|65.2537938252224|92.5810018726539
2021-03-15|69.8|74.22800000000001|113.82275000000001|-5.25289340857212|8.207644877745496|63.61156573922531|92.429390820788
2021-03-22|68.0|74.012|113.21225|-5.186672177309333|8.266532131037128|64.88592097941014|92.20334903344344
2021-03-29|67.5|73.878|112.62075|-5.133521842984436|8.321213151950785|61.50234741784039|92.07148361062403
2021-04-05|66.28|73.7312|111.98790000000001|-5.1225335942787495|8.424678179132881|48.156182212581356|91.9785188092972
2021-04-12|66.48|73.54560000000001|111.44705|-5.0888888017437495|8.852908134436642|45.22536287242169|91.80056267684662
2021-04-19|65.3|73.39399999999999|110.8168|-5.093612653177303|9.796741207450467|36.236647493837296|91.55658822352127
2021-04-26|64.54|73.26599999999999|110.163|-5.114538409493406|10.673157632391876|29.094076655052262|91.44527613701703
2021-05-03|65.64|73.11880000000001|109.4262|-5.0711329442261075|11.486972884123182|35.885608856088524|91.38151839299142
2021-05-10|67.32|72.904|108.69879999999999|-4.946393968727648|11.571347547802292|41.13043478260866|91.27215027331025
2021-05-17|70.86|72.5252|108.0106|-4.671417067493991|11.584440857600182|53.542009884678755|91.04304990693218
2021-05-24|69.94|72.17|107.34355|-4.452765313971682|11.626245153794313|46.72489082969432|90.90623067882821
2021-05-31|71.44|71.96480000000001|106.6735|-4.182358092735797|11.66506342883172|45.19317160826594|90.82066598468299
2021-06-07|73.58|71.8488|106.02689999999998|-3.8398999018824895|12.52718220858651|52.76816608996541|90.68606004494934
2021-06-14|71.4|71.6572|105.32065|-3.61727117925723|12.554338763402177|49.114331723027384|90.52881661777445
2021-06-21|69.98|71.4256|104.65055000000001|-3.4692767820070856|12.452237244988572|50.20576131687245|90.41525707510512
2021-06-28|68.58|71.1332|104.04344999999999|-3.3869563781561567|11.735554614312296|45.47657512116318|90.31070332237401
2021-07-05|68.74|70.7408|103.40789999999998|-3.297092484397865|11.0700636001129|48.84516680923865|90.2462784148688
2021-07-12|66.78|70.41239999999999|102.76929999999999|-3.290421754348003|10.484795197689047|45.317460317460316|90.18531798522604
2021-07-19|66.94|70.1216|102.18425|-3.267820657468093|10.248934148343391|44.524959742351044|90.12237281274797
2021-07-26|67.16|69.7428|101.6003|-3.2286490580190303|10.061427473114362|45.70502431118313|90.06470291216934
2021-08-02|66.86|69.41760000000001|101.02960000000002|-3.196903486407095|9.80942428267665|43.85245901639343|90.0119304833587
2021-08-09|66.8|69.10879999999999|100.4606|-3.1616844905984607|9.575421320127347|43.85245901639343|89.97725428954726
2021-08-16|67.14|68.8156|99.8838|-3.10659119245058|9.390863505255613|48.12554489973846|89.8983016283208
2021-08-23|68.64|68.554|99.31299999999999|-2.9850434162262474|9.219488391446145|52.38095238095238|89.85409458914572
2021-08-30|69.4|68.3064|98.84800000000001|-2.8363070274141364|9.629499630250049|56.64395229982966|89.77758046875297
2021-09-06|66.98|68.16239999999999|98.3659|-2.798350037084873|8.994493811226063|50.97276264591439|89.69833828110379
2021-09-13|66.8|68.1184|97.87715|-2.763907056100294|8.509479758451429|53.036437246963565|89.64962565661033
2021-09-20|69.1|68.29520000000001|97.42339999999999|-2.6278638523876197|8.551057539257917|58.68902439024389|89.57571969791381
2021-09-27|70.0|68.5312|97.03264999999999|-2.461456204565337|9.59270117585636|58.37173579109062|89.44220653417756
2021-10-04|70.98|68.7544|96.6658|-2.2652886606303895|10.573745335438284|57.221783741120774|89.3535199326898
2021-10-11|69.68|69.002|96.29619999999998|-2.1397296540807815|11.484714912192928|47.445887445887465|89.31213618163707
2021-10-18|67.9|69.16680000000001|95.9417|-2.097345025175869|11.028270346282005|45.74290484140236|89.25627411273416
2021-10-25|68.48|69.1904|95.59185|-2.028977817775001|10.604428963650433|43.57638888888891|89.2010606772528
2021-11-01|68.42|69.1792|95.19745|-1.964864123018529|10.210861965492542|37.6908396946565|89.17180210560132
2021-11-08|65.98|69.0588|94.79934999999999|-2.0052982207985934|10.143377497819854|37.229029217719145|89.06744969356353
2021-11-15|66.04|68.8968|94.43605000000001|-2.0325042614120434|10.080713349266643|40.08056394763344|88.99575253550556
2021-11-22|60.98|68.6812|94.06995|-2.2643100490300867|11.922767501854995|33.84353741496599|88.83809658921662
2021-11-29|62.26|68.4984|93.71375|-2.408590010297914|13.805300464552868|36.85064935064937|88.69733165416058
2021-12-06|60.2|68.3196|93.31825|-2.6161115457892095|15.553366787058035|36.701697655618446|88.60581945373603
2021-12-13|60.04|68.09160000000001|92.93195|-2.7986914061274177|17.649362908343747|36.05497170573972|88.46682566191825
2021-12-20|58.96|67.7992|92.52625|-2.9975226593743685|19.59564502096619|33.98437500000003|88.38229881801517
2021-12-27|59.16|67.5364|92.06205|-3.1560426362960072|21.402906982687032|34.90196078431373|88.32557730462806
2022-01-03|62.96|67.3588|91.58959999999999|-3.1262462305479914|20.691049180075215|43.43365253077977|88.23559057655783
2022-01-10|59.86|67.15839999999999|91.0864|-3.2214491219709345|20.03003836336424|38.62500000000001|88.10614215100688
2022-01-17|56.56|66.87320000000001|90.57745000000001|-3.4354771937831856|21.411733750671257|32.13017751479292|87.79797152144309
2022-01-24|55.54|66.5984|90.07714999999999|-3.657690793376119|23.01314282289467|29.653552554315922|87.48904178409941
2022-01-31|56.18|66.3392|89.57154999999999|-3.8163215776395276|23.9021915192867|33.27137546468403|87.35417224183546
2022-02-07|58.3|66.11200000000001|89.1388|-3.8556337464171904|23.38165802277903|37.58036236119229|87.17735526050207
2022-02-14|55.7|65.8404|88.67029999999998|-3.988683285277972|23.040831791757704|30.59096176129782|87.00714786326039
2022-02-21|36.74|65.178|88.12975|-4.895756776555395|25.951200206002316|18.372004564473187|86.24490802311318
2022-03-21|25.1|64.284|87.54699999999998|-6.175948609130636|28.86847399377101|13.72549019607844|85.96587023023746
2022-03-28|38.8|63.7|87.0535|-6.711617458318742|30.590396165537726|29.587519830777367|85.46995371785981
2022-04-04|36.94|63.0888|86.55445|-7.2441858283295915|31.577360454468963|29.556259904912835|85.17580302716851
2022-04-11|32.96|62.422399999999996|86.05824999999999|-7.862001643204614|32.77026425364728|27.553083923154702|85.06499679869758
2022-04-18|30.62|61.7052|85.5131|-8.484107261525807|34.2039613182179|26.781326781326783|84.89821566182529
2022-04-25|31.14|61.022000000000006|84.94705|-8.987257043597246|35.48676081226885|28.08253648716658|84.74066477427777
2022-05-02|30.1|60.333200000000005|84.39505|-9.44951037657492|36.677931771030444|27.665920954511563|84.66906502139575
2022-05-09|29.26|59.605599999999995|83.83859999999999|-9.865710465689268|37.86646716132721|29.197271773347325|84.63485703488212
2022-05-16|29.32|58.845600000000005|83.2862|-10.201846211099358|38.74936111095319|28.04585443881632|84.52151875445027
2022-05-23|28.54|57.9992|82.78115|-10.501589489983616|39.70589049140379|28.53268239761323|84.40767943449876
2022-05-30|26.74|57.135200000000005|82.29860000000001|-10.811319684829876|40.775984078079205|27.91191297426373|84.30891417989433
2022-06-06|26.3|56.2324|81.82285|-11.071476846954667|41.81392817751753|28.150923200428153|84.12319548366855
2022-06-13|27.52|55.3112|81.34945|-11.216803974339243|42.77773341271027|29.118268215417103|83.99928010585545
2022-06-20|26.82|54.4196|80.89305|-11.341182468320184|43.45508949929819|25.130745939994483|83.85185436520058
2022-06-27|26.74|53.55479999999999|80.50175|-11.420436237049508|43.73887281802955|26.22056289488799|83.64304519738197
2022-07-04|27.6|52.735200000000006|80.09475|-11.419774294235403|44.00238589970866|28.45238095238095|83.53654538826456
2022-07-11|27.06|51.90160000000001|79.70779999999999|-11.40753613868982|44.26845622995518|28.657074340527572|83.46238945102135
2022-07-18|27.3|51.111999999999995|79.2668|-11.35212066622966|44.26292428056253|28.226779252110973|83.33553813160755
2022-07-25|27.7|50.327200000000005|78.86255|-11.251886076146121|44.25778747041222|26.315789473684205|83.17471166588926
2022-08-01|26.16|49.507200000000005|78.4646|-11.194268930129084|44.46626381637591|26.754800125904936|83.09163550645734
2022-08-08|27.14|48.712799999999994|78.04530000000001|-11.068048561828327|44.65984899477076|39.46444249341528|82.99574040989422
2022-08-15|26.88|47.91440000000001|77.64695|-10.933883515591262|44.83960666042314|52.60386190754827|82.95337833463157
2022-08-22|28.24|47.136399999999995|77.2649|-10.724622282913195|44.468694119918176|25.824175824175825|82.83861761353282
2022-08-29|30.96|46.382799999999996|76.9097|-10.39203215833733|42.71823142581061|36.82819383259913|82.54481953248171
2022-09-05|30.6|45.6068|76.5852|-10.081438690593295|40.592169215234264|43.81551362683438|82.30094196835047
2022-09-12|29.18|44.8508|76.2731|-9.836056130271693|38.76129111671039|46.0352422907489|82.1596828787042
2022-09-19|26.08|44.0364|75.8946|-9.720148230061632|38.21797828149754|37.80135004821601|81.93097214883649
2022-09-26|23.14|43.1172|75.5346|-9.712449694313225|38.405828762890415|34.62897526501767|81.69843955172345
2022-10-03|22.44|42.166|75.1408|-9.705898614154627|38.58026135275524|34.84444444444445|81.5726615623925
2022-10-10|23.48|41.216|74.68950000000001|-9.62684351114886|38.900926921193424|37.56388415672913|81.50177231639613
2022-10-17|24.42|40.3108|74.2396|-9.48806689992594|38.89268234743134|41.2859560067682|81.41552266276446
2022-10-24|25.52|39.4632|73.8487|-9.290076535726548|38.16911903130983|47.34088927637315|81.31789022923589
2022-10-31|25.64|38.6064|73.46640000000001|-9.081681816218023|37.287541531839565|48.54111405835544|81.25079087480145
2022-11-07|25.62|37.7504|73.0835|-8.870622394898504|36.631069664417346|45.564892623716155|81.16279082851887
2022-11-14|25.16|36.934|72.7034|-8.676437345247649|36.2087435367037|46.081208687440984|81.07828381327846
2022-11-21|24.98|36.1128|72.3228|-8.485943147042779|35.8165835609696|45.86466165413534|81.03160045631915
2022-11-28|24.82|35.3896|71.92360000000001|-8.298446190754113|35.505852967376974|43.245869776482024|80.98861257375636
2022-12-05|24.7|34.638400000000004|71.5121|-8.112478104346852|35.082819969508584|44.146825396825406|80.93019292452593
2022-12-12|24.24|33.919200000000004|71.1048|-7.942794724895446|34.933622725123875|42.492639842983316|80.88666566895125
2022-12-19|24.22|33.2028|70.69980000000001|-7.769443945275771|34.84745928782053|41.3|80.81507656119821
2022-12-26|24.6|32.5156|70.31330000000001|-7.576464141294654|34.593767808293514|45.85987261146497|80.74585033672219
2023-01-02|25.46|31.8416|69.9325|-7.346402883456896|33.46682869245201|45.51282051282052|80.68080004849253
2023-01-09|27.68|31.136000000000003|69.5703|-7.026729323473855|31.13364419072181|51.93423597678917|80.47218159447385
2023-01-16|27.8|30.4948|69.2255|-6.717443283357635|29.45108997898949|48.86831275720166|80.22019306046101
2023-01-23|27.7|29.917600000000004|68.8656|-6.427584945101216|27.888718210952334|40.30915576694411|80.12099833904395
2023-01-30|27.85|29.3638|68.50445|-6.145234627701068|26.830392406961018|41.72185430463577|79.90167539811763
2023-02-06|28.82|28.816599999999998|68.16025|-5.835726808213387|26.35393305309878|48.886138613861384|79.68863565832561
2023-02-13|27.54|28.201400000000003|67.81644999999999|-5.598205616144028|24.86201908792624|55.09065550906555|79.50762608246033
2023-02-20|28.16|27.6506|67.45955|-5.344828121229359|23.47667040598031|70.8818635607321|79.41946111015223
2023-02-27|28.16|27.479|67.10924999999999|-5.1043819974408144|22.332309409921656|75.2650176678445|79.32272964442454
2023-03-06|28.27|27.5424|66.7626|-4.871460615407809|21.427548265210582|73.05101058710297|79.26344135827418
2023-03-13|28.45|27.3354|66.41925|-4.642945427795478|20.426634056063705|70.92419522326063|79.17570912855172
2023-03-20|29.61|27.1888|66.0838|-4.377601958527215|20.182186612465784|71.10423116615065|79.00485154019722
2023-03-27|31.65|27.1626|65.77755|-4.043263620953038|21.597333215486692|75.88285960378981|78.213376640693
2023-04-03|32.79|27.206|65.4817|-3.686892357210912|22.91139791829182|78.16182246661427|78.04381280644412
2023-04-10|34.65|27.2762|65.19995|-3.281661367174415|24.816888634093647|83.5810332625619|77.64454870544793
2023-04-17|38.97|27.453599999999998|64.9258|-2.730429218660067|27.49982407465916|88.28680897646413|77.104881149205
2023-04-24|40.24|27.673199999999998|64.6477|-2.1805144812397153|30.113964218048668|89.78328173374612|76.79250883142468
2023-05-01|37.12|27.8292|64.345|-1.8189657680932747|32.04997142798835|77.74798927613939|76.34540390890912
2023-05-08|38.24|28.023200000000003|64.036|-1.4460657653814657|33.007261966904004|80.38194444444443|75.9814448352139
2023-05-15|38.88|28.266|63.721599999999995|-1.084529187085252|33.915552100646494|80.9805579036348|75.81182060936943
2023-05-22|40.15|28.543000000000003|63.37235|-0.7075174715457848|35.07375618969381|81.67006109979631|75.60650637229683
2023-05-29|40.0|28.792600000000004|63.02695|-0.3779591227050503|36.181963646554|80.494966442953|75.45998518857543
2023-06-05|40.06|29.057399999999998|62.68715|-0.08252985502127075|36.88656915684764|78.55166051660515|75.34927780617554
2023-06-12|43.38|29.3902|62.36615|0.31957478679998275|38.284729586485334|81.31028938906752|75.16989414034359
2023-06-19|40.71|29.652399999999997|62.0366|0.5617411609200786|39.73665544284967|73.69763205828778|74.96398197056297
2023-06-26|42.7|29.9652|61.7061|0.8585367776741961|41.08487230947369|75.34994878798224|74.81002103329924
2023-07-03|41.43|30.2478|61.36125|1.0650176164227787|42.33678797133884|71.30787428185197|74.7140429105212
2023-07-10|42.39|30.541600000000003|61.0304|1.285170034072884|43.49928108592792|75.36727024256916|74.61896878964708
2023-07-17|44.2|30.902399999999997|60.70270000000001|1.5526855855953698|45.042827632792395|76.3296126066973|74.44620222727706
2023-07-24|44.84|31.256400000000003|60.404500000000006|1.8118742645338557|46.51089429514576|76.81672025723472|74.37866393708224
2023-07-31|45.29|31.6246|60.09865|2.0548786595049506|48.21548836264335|77.06743002544528|74.19666433465838
2023-08-07|45.84|31.976599999999998|59.81465|2.2870481996280247|49.79832571103396|77.33417164413706|74.10415993053411
2023-08-14|44.91|32.2556|59.522200000000005|2.4463739941682974|50.27100843786904|74.22419252691574|73.98984737470447
2023-08-21|44.34|32.5304|59.2474|2.555946568522309|50.70992811278733|71.07273331119228|73.93620766101692
2023-08-28|44.01|32.827|58.96655|2.6312860730077148|51.00588137062063|69.14675767918087|73.85600499605233
2023-09-04|42.4|33.153400000000005|58.65455|2.6219940688336436|49.15080270652341|63.33907056798622|73.7521439329781
2023-09-11|41.63|33.523199999999996|58.3487|2.573309165307954|47.230778417567514|55.215686274509814|73.66751925534565
2023-09-18|41.0|33.8944|58.02740000000001|2.4958143513480664|44.60565284735834|51.52855993563958|73.5530686259555
2023-09-25|41.5|34.2548|57.70410000000001|2.440807050079883|42.16803624644983|59.847122302158276|73.48559018671479
2023-10-02|40.63|34.579|57.38025|2.3479717349192057|40.2872672147603|55.43428831286949|73.39663569808083
2023-10-09|40.45|34.8776|57.059200000000004|2.251090443128149|38.483579608355036|53.64607524384579|73.35547019056476
2023-10-16|40.93|35.1834|56.74965|2.1788141283783986|37.19020234949263|51.8804243008679|73.30109291449631
2023-10-23|40.26|35.476200000000006|56.439949999999996|2.0799346010463395|35.45116532388708|50.611476952022564|73.23007581739337
2023-10-30|38.97|35.752399999999994|56.109899999999996|1.9315984320163864|33.1568243022479|47.57670075589151|73.16050973267272
2023-11-06|39.19|36.0366|55.78735|1.8037458131483106|31.02636478215437|39.19546157813305|73.1160357726999
2023-11-13|38.54|36.311|55.461149999999996|1.6576430922540837|29.409918763723745|43.753598157743234|73.04172548262862
2023-11-20|38.51|36.587199999999996|55.137|1.522028704346205|27.908933175181026|36.404931862426984|72.99327080232966
2023-11-27|36.51|36.8326|54.79435|1.312848484094637|27.66168086502301|34.75836431226766|72.88997789600081
2023-12-04|35.66|37.0614|54.41895|1.087776942742586|28.10972916755886|29.00810979413599|72.8111824634867
2023-12-11|36.28|37.295|54.02625000000001|0.911444847816604|28.37076370072936|23.315363881401623|72.71519835038966
2023-12-18|35.97|37.5052|53.6691|0.7394876200887239|28.14497327541591|19.434872501722936|72.61646909956477
2023-12-25|35.05|37.6526|53.24625|0.5461413720848256|28.419296169635313|15.821094793057426|72.53282203876093
2024-01-01|36.85|37.833600000000004|52.8335|0.44940196499282337|28.004913919275868|22.304374614910685|72.48432264410516
2024-01-08|38.01|38.0398|52.444250000000004|0.4114299405559194|26.368837502407047|29.0400972053463|72.38229946371385
2024-01-15|38.02|38.2432|52.169650000000004|0.37699454098859064|24.84962368674314|30.125786163522022|72.31394959025718
2024-01-22|37.17|38.4102|51.9301|0.3094468414743048|23.631843406558694|29.171741778319145|72.2657822631864
2024-01-29|39.81|38.6556|51.759350000000005|0.3602911894772092|22.57744934969485|42.5787965616046|72.16306251397565
2024-02-05|39.05|38.873400000000004|51.632999999999996|0.37209440113721115|21.896250256973293|42.6032110091743|72.06669328189002
2024-02-12|38.84|39.086999999999996|51.4933|0.3725448084373113|20.884471909276915|43.654524089306705|71.97583488494067
2024-02-19|37.31|39.267799999999994|51.33055|0.3071547318556256|19.784238788113477|38.393351800554036|71.90163052352833
2024-02-26|39.06|39.48|51.13185000000001|0.32230101203846573|18.762593747033144|45.85314315900687|71.82010854970629
2024-03-04|39.54|39.6786|50.958549999999995|0.35502356494888687|17.88704753382272|47.63390535621424|71.73099757961569
2024-03-11|40.52|39.856|50.79305|0.4243393840463483|17.641694155678334|48.960973137354294|71.56391250001352
2024-03-18|39.73|39.9948|50.612899999999996|0.4510337978313501|17.413866018829975|48.66498740554156|71.44998513492662
2024-03-25|45.48|40.211400000000005|50.4759|0.7163231655132236|19.080050207132068|63.38955162484573|71.24955402491166
2024-04-01|49.36|40.419200000000004|50.368|1.1130017584406104|21.81402181633788|68.18019306399712|70.83636922826881
2024-04-08|50.47|40.6238|50.25535000000001|1.5077277829463185|24.4958785701301|70.98135772071754|70.62257758559451
2024-04-15|49.61|40.8736|50.113099999999996|1.816273228692296|26.614599195197602|68.96787423103211|70.5127483433258
2024-04-22|51.46|41.138000000000005|49.921400000000006|2.162128862613244|28.872226247685592|75.67846100996219|70.38683949362272
2024-04-29|50.25|41.3654|49.73415|2.410642178189711|30.968594224995872|74.75398710553102|70.34418877919597
2024-05-06|50.85|41.57939999999999|49.57990000000001|2.6487278766489055|32.588975769450066|74.73684210526314|70.30708959337548
2024-05-13|58.0|41.9394|49.473|3.153693622147806|35.17398171372792|80.35271424634884|70.15348613510419
2024-05-20|58.13|42.3008|49.35875|3.5967049768509085|37.684887197503016|82.50704225352112|70.04808213057194
2024-05-27|55.23|42.5378|49.2271|3.855471391310793|38.55444504968641|75.10928961748631|69.92614027777319
2024-06-03|58.51|42.8938|49.103649999999995|4.21154016006264|38.362463126258966|76.47210743801651|69.843301311872
2024-06-10|62.82|43.2962|48.97594999999999|4.696206201651819|38.81359149921213|78.82380288238026|69.78954291487129
2024-06-17|63.97|43.747|48.8798|5.159699365408429|39.52161386863473|80.93259464450598|69.72275485766498
2024-06-24|62.72|44.1536|48.786|5.501615353049843|40.17906321167|77.3193417600763|69.6949709829863
2024-07-01|58.45|44.43860000000001|48.64775|5.607231196137519|38.9999758914357|71.34683098591549|69.63740725292838
2024-07-08|55.4|44.6498|48.50915|5.554897957765675|36.333417817147776|67.14995857497928|69.50358785914857
2024-07-15|56.29|44.8698|48.3794|5.52941382158361|33.85732817673756|69.9202350965575|69.43421683663456
2024-07-22|55.47|45.0624|48.24775|5.455503974770089|32.03721168590072|67.56583172768143|69.36034329449187
2024-07-29|53.78|45.239799999999995|48.10804999999999|5.3021769814030435|30.195548287734237|64.85809682804674|69.19382088864513
2024-08-05|51.09|45.37479999999999|47.9546|5.036742059784061|28.725780745845615|60.64880112834979|69.03128236901948
2024-08-12|49.16|45.477799999999995|47.829499999999996|4.704981960691079|27.60785778382382|59.286980500295456|68.92069204963859
2024-08-19|46.45|45.5588|47.716750000000005|4.282540810442896|27.322857693915946|51.01613241148125|68.77787824120075
2024-08-26|47.12|45.6686|47.651050000000005|3.923949389701093|26.819523173324434|47.48427672955974|68.59417936048143
2024-09-02|48.42|45.817|47.602149999999995|3.6495920054830293|26.879599904128032|47.7074479982107|68.42881408972431
2024-09-09|48.01|45.947199999999995|47.543099999999995|3.378362134004|26.435476360494295|48.192498870311795|68.32424072799904
2024-09-16|52.83|46.1912|47.52075|3.331761313037269|25.295999689484542|51.45034935422401|68.23189384045237
2024-09-23|54.57|46.4736|47.49530000000001|3.353987872851512|23.66526395045105|54.52261306532663|68.15683304822734
2024-09-30|53.18|46.71860000000001|47.424699999999994|3.3047922526029794|22.4897640779164|52.39958805355303|68.09047404061526
2024-10-07|54.88|47.010999999999996|47.3542|3.323112530669441|21.39822848199137|46.38051044083527|68.04278619418382
2024-10-14|57.6|47.38360000000001|47.2822|3.4442576144802217|20.206041457731523|49.420004377325455|67.98809929521568
2024-10-21|55.8|47.7158|47.1905|3.465032069462957|19.20128822145865|50.63915676160574|67.94108691071854
2024-10-28|55.99|48.064800000000005|47.11165|3.4809930561926876|18.035949986488742|46.96385542168675|67.8332015966255
2024-11-04|60.73|48.5092|47.0583|3.6849464638977523|17.46145518370943|47.50775101359408|67.77816934511233
2024-11-11|63.86|49.0562|47.03189999999999|3.9866653781486576|17.58796556631969|49.87474379412435|67.74983712801667
2024-11-18|58.82|49.5194|46.9688|4.0287254724156085|16.713883353562384|45.911949685534594|67.68507808008395
2024-11-25|52.15|49.836800000000004|46.86165|3.7718964827442676|16.277660435752473|43.7125748502994|67.5445842051219
2024-12-02|50.86|50.13459999999999|46.75445|3.4786225274118507|16.72188121794024|45.30409598676045|67.35938062878515
2024-12-09|48.28|50.3992|46.63665|3.099449063476321|17.134371944257452|41.994803118129134|67.26863053221422
2024-12-16|54.95|50.7612|46.562|3.0363182940798836|16.6318740442101|49.53471725125269|67.18653897634644

МСФО (показатели|годы, |, 
):
Показатель|2008|2009|2010|2011|2012|2013|2014|2015|2016|2017|2018|2019|2020|2021|2022|2023|2024|LTM
OP|н/д|н/д|н/д|н/д|н/д|н/д|11.3|44.1|63.3|40.4|60.7|60.7|-92.2|-5.02|-13.4|182.3|99.5|194.1
NP|н/д|н/д|н/д|14.4|5.20|7.30|-17.1|-6.50|38.8|23.1|5.70|13.5|-113.0|-34.5|-41.4|10.3|58.5|185.5
Assets|н/д|н/д|н/д|н/д|н/д|н/д|277.7|315.2|299.3|323.3|967.8|933.3|1016|1106|957.1|1114|1157|1138
Equity|н/д|н/д|н/д|н/д|н/д|54.5|-13.5|-36.1|40.8|65.5|-63.5|-1.69|-107.8|-138.5|-91.4|-85.5|-55.7|н/д
P/E|н/д|н/д|н/д|3.87|9.61|12.7|-2.09|-9.59|4.38|6.67|19.7|8.51|-1.55|-4.18|-2.36|13.5|4.00|1.60
EV/EBITDA|н/д|н/д|н/д|2.94|2.39|2.34|7.40|4.52|3.54|3.80|4.90|3.92|30.9|7.28|5.33|2.42|3.88|2.94

Макро (месячные, 2015-2025, дата|CPI|Rate|USD/RUB, |, 
):
Date|CPI|Rate|USD/RUB
2015-01|15.0|17.0|61.3
2015-02|15.8|15.0|66.8
2015-03|16.2|14.0|61.8
2015-04|16.4|12.5|54.9
2015-05|15.8|11.5|51.8
2015-06|15.8|11.5|54.7
2015-07|15.7|11.5|57.0
2015-08|15.6|11.5|59.5
2015-09|15.2|11.5|65.8
2015-10|14.7|11.5|65.7
2015-11|13.7|11.5|64.9
2015-12|12.9|10.5|67.8
2016-01|9.8|11.0|75.9
2016-02|8.1|11.0|77.0
2016-03|7.3|11.0|70.2
2016-04|7.2|10.5|66.8
2016-05|7.3|10.5|65.9
2016-06|7.4|10.5|64.3
2016-07|7.2|10.0|63.2
2016-08|6.9|10.0|64.7
2016-09|6.4|10.0|63.8
2016-10|6.1|10.0|62.9
2016-11|5.8|10.0|64.2
2016-12|5.4|10.0|61.0
2017-01|5.0|10.0|59.9
2017-02|4.6|9.75|58.4
2017-03|4.3|9.75|57.9
2017-04|4.1|9.25|56.6
2017-05|4.1|9.25|56.7
2017-06|4.4|9.0|59.0
2017-07|4.4|8.5|59.5
2017-08|4.2|8.25|59.3
2017-09|3.7|8.25|58.0
2017-10|3.2|7.75|57.6
2017-11|2.8|7.75|58.6
2017-12|2.5|7.5|57.6
2018-01|2.2|7.5|56.6
2018-02|2.2|7.5|56.8
2018-03|2.4|7.25|57.2
2018-04|2.4|7.25|60.2
2018-05|2.8|7.25|62.2
2018-06|3.1|7.25|62.9
2018-07|3.4|7.25|62.8
2018-08|3.9|7.25|63.1
2018-09|4.0|7.25|66.2
2018-10|4.1|7.5|66.0
2018-11|4.2|7.5|66.8
2018-12|4.3|7.75|69.0
2019-01|5.0|7.75|66.4
2019-02|5.2|7.75|65.7
2019-03|5.3|7.75|64.8
2019-04|5.2|7.75|64.4
2019-05|5.1|7.5|64.6
2019-06|4.7|7.5|63.9
2019-07|4.6|7.25|63.1
2019-08|4.5|7.0|63.4
2019-09|4.7|6.5|65.0
2019-10|4.7|6.25|64.0
2019-11|4.6|6.25|63.6
2019-12|3.0|6.0|62.0
2020-01|2.4|6.25|61.8
2020-02|2.3|6.0|63.7
2020-03|2.5|6.0|73.7
2020-04|2.4|5.5|75.0
2020-05|2.3|5.5|72.4
2020-06|2.6|4.5|69.6
2020-07|3.0|4.5|70.6
2020-08|3.4|4.25|73.6
2020-09|3.7|4.25|76.2
2020-10|3.6|4.25|77.9
2020-11|3.5|4.25|76.2
2020-12|3.4|4.25|73.7
2021-01|5.2|4.25|74.4
2021-02|5.7|4.25|74.0
2021-03|5.8|4.5|74.8
2021-04|5.5|5.0|76.0
2021-05|5.5|5.5|73.6
2021-06|5.8|6.5|72.5
2021-07|6.5|6.75|73.6
2021-08|6.7|7.5|73.5
2021-09|7.0|7.5|72.8
2021-10|7.4|8.5|71.0
2021-11|8.1|8.5|73.7
2021-12|8.4|9.5|74.3
2022-01|8.7|9.5|76.7
2022-02|9.2|20.0|84.1
2022-03|16.7|20.0|103.8
2022-04|17.8|17.0|80.4
2022-05|17.1|14.0|66.1
2022-06|15.9|11.5|56.6
2022-07|15.1|9.5|58.2
2022-08|14.3|9.5|60.5
2022-09|13.7|9.5|59.5
2022-10|12.6|8.0|61.5
2022-11|12.0|8.0|60.8
2022-12|11.9|7.5|64.7
2023-01|11.8|7.5|69.0
2023-02|11.0|7.5|71.8
2023-03|3.5|7.5|75.8
2023-04|2.3|7.5|81.0
2023-05|2.5|8.0|80.2
2023-06|3.3|8.5|83.7
2023-07|4.3|12.0|89.5
2023-08|5.1|13.0|94.4
2023-09|6.0|15.0|96.6
2023-10|6.7|16.0|93.4
2023-11|7.5|16.0|88.6
2023-12|7.4|16.0|89.7
2024-01|7.5|16.0|88.9
2024-02|7.7|16.0|90.7
2024-03|7.7|16.0|91.8
2024-04|7.8|16.0|92.5
2024-05|8.1|16.0|91.6
2024-06|8.3|18.0|88.8
2024-07|8.5|18.0|86.6
2024-08|8.6|19.0|91.5
2024-09|8.5|19.0|92.5
2024-10|8.8|19.0|95.5
2024-11|9.1|19.0|97.5
2024-12|9.5|21.0|104.2
2025-01|9.9|21.0|98.0
2025-02|10.1|21.0|91.0
2025-03|9.9|21.0|85.0

Макро (годовые, 2015-2025, год|GDP|CPI|Unemployment|Rate|TradeBalance|BudgetDeficit|MOEX|USD/RUB|CCI, |, 
):
Year|GDP|CPI|Unemployment|Rate|TradeBalance|BudgetDeficit|MOEX|USD/RUB|CCI
2015|-2.0|12.9|5.6|10.5|105.0|1.7|1800|68.5|35
2016|0.2|5.4|5.6|10.0|122.0|3.0|2200|61.0|30
2017|1.8|2.5|5.0|7.5|132.0|1.9|2500|57.6|40
2018|2.8|4.3|4.8|7.75|151.0|-0.2|2400|69.0|45
2019|2.2|3.0|4.6|6.0|141.0|1.2|2800|62.0|40
2020|-2.7|3.4|5.9|4.25|138.0|4.7|3000|73.7|25
2021|5.6|8.4|4.3|9.5|172.0|2.3|4000|74.3|35
2022|-2.1|11.9|3.9|7.5|290.0|-0.6|2500|64.7|30
2023|3.6|7.4|2.9|16.0|88.0|-0.2|3000|89.7|42
2024|3.6|9.5|2.4|21.0|70.0|1.7|3500|104.2|45
2025|1.5|7.5|2.4|21.0|70.0|0.6|4000|90.0|50

Индикаторы:
SMA_50:простая скользящая (50 недель)
SMA_200:простая скользящая (200 недель)
MACD:(24,52,9)
ADX_14:сила тренда (14 недель)
RSI_21:относительная сила (21 неделя)
VWAP:объёмно-взвешенная цена (недельная)
Задача:
1.Анализируй долгосрочный тренд (SMA_50, SMA_200), импульс (MACD), силу тренда (ADX_14), перекупленность/перепроданность (RSI_21), сравни close с VWAP.
2.Учти МСФО (NP, Assets, EV/EBITDA) и макро (GDP, CPI, Unemployment, Rate, TradeBalance, BudgetDeficit, MOEX, USD/RUB, CCI).
3.Прогноз на 6-12 месяцев:направление (рост,падение,боковик), вероятность (%), поддержка/сопротивление.
4.Рекомендация:Активно продавать/Продавать/Держать/Покупать/Активно покупать (по всем данным и по индикаторам с обоснованием).
Формат ответа:
Текущая цена:[число]
Прогноз:[направление] ([число])
Поддержка:[число],Сопротивление:[число]
Рекомендация (все данные):[действие]
Рекомендация (индикаторы):[действие]|[обоснование]
Комментарий:[обоснование: индикаторы, МСФО, макро]
Правила:
Без Markdown

Текст должен быть поделен на абзацы.
