
Ты финансовый аналитик, прогнозирующий цену акции (тикер: SBERP) на более чем 1 год по данным за 10 лет (weekly), МСФО и макроэкономике России.
Текущая цена:315.5
Данные (10 лет, weekly, дата|close|SMA_50|SMA_200|MACD|ADX_14|RSI_21|VWAP, |, 
):
date|close|SMA_50|SMA_200|MACD|ADX_14|RSI_21|VWAP
2015-05-04|50.79|50.79|50.79|0.0|0.0|0.0|50.79
2015-05-11|50.36|50.575|50.575|-0.01817358490566079|0.0|0.0|50.58967753754378
2015-05-18|49.3|50.15|50.15|-0.07900748736204832|0.0|0.0|50.18022585495941
2015-05-25|48.25|49.675|49.675|-0.17700155349933766|0.0|0.0|49.4159487887302
2015-06-01|47.85|49.31|49.31|-0.2801253522653937|0.0|0.0|49.103643957476265
2015-06-08|48.2|49.125|49.125|-0.35578098588314333|0.0|10.638297872340459|49.012465536090765
2015-06-15|49.12|49.12428571428571|49.12428571428571|-0.38280055893226717|0.0|30.166270783847935|49.02619924854623
2015-06-22|49.42|49.16125|49.16125|-0.39288565851785506|0.0|34.81152993348117|49.06095433872631
2015-06-29|48.15|49.04888888888889|49.04888888888889|-0.4543032277101773|0.0|27.162629757785467|48.973826514412394
2015-07-06|49.15|49.059|49.059|-0.46503952639073987|0.0|37.905604719764014|48.98781681236695
2015-07-13|51.05|49.24|49.24|-0.39283840959582506|0.0|51.497695852534555|49.099719540441015
2015-07-20|49.26|49.24166666666667|49.24166666666667|-0.40338688986841476|0.0|42.69340974212033|49.10822958202668
2015-07-27|51.39|49.40692307692307|49.40692307692307|-0.3214848670761654|0.0|52.38095238095238|49.258596806858336
2015-08-03|53.07|49.66857142857143|49.66857142857143|-0.17700410314891002|0.0|57.98319327731093|49.441412194843465
2015-08-10|54.1|49.964000000000006|49.964000000000006|-0.00503130880983349|0.0|60.80992815153495|49.635621009666956
2015-08-17|50.75|50.013125|50.013125|0.005643568922216957|0.0|49.89281886387996|49.68734964199271
2015-08-24|53.98|50.24647058823529|50.24647058823529|0.15159002726485937|0.0|57.28643216080401|49.97322449033175
2015-08-31|53.31|50.416666666666664|50.416666666666664|0.2520193370964492|0.0|55.58510638297873|50.12973993188741
2015-09-07|53.5|50.578947368421055|50.578947368421055|0.34819707527311294|0.0|55.95604395604396|50.21815282022767
2015-09-14|56.37|50.8685|50.8685|0.553588545899629|0.0|60.889929742388766|50.44412326784111
2015-09-21|57.25|51.17238095238095|51.17238095238095|0.7709393691911757|0.0|62.188679245283026|50.725992948212
2015-09-28|57.25|51.44863636363636|51.44863636363636|0.9610289980547364|0.0|62.188679245283026|50.971439515086715
2015-10-05|66.0|52.081304347826084|52.081304347826084|1.496222219688505|0.0|72.45835726593913|52.09309829629146
2015-10-12|67.99|52.744166666666665|52.744166666666665|2.049608453724474|0.0|76.13986013986015|52.78317275436765
2015-10-19|66.75|53.304399999999994|53.304399999999994|2.4809168452031827|0.0|75.73734001112967|53.34158025406551
2015-10-26|68.49|53.888461538461534|53.888461538461534|2.92879690242863|0.0|77.6824034334764|53.893551631265474
2015-11-02|68.5|54.42962962962962|54.42962962962962|3.3168785020631404|0.0|77.4769897130482|54.37635262306678
2015-11-09|69.37|54.96321428571429|54.96321428571429|3.687197145355995|27.762327892803878|77.44646245595014|54.79258946993915
2015-11-16|77.24|55.73137931034483|55.73137931034483|4.336521658564372|30.095353565170047|81.28654970760235|55.70884967750349
2015-11-23|77.8|56.467|56.467|4.921934162231665|32.34859682383116|83.8857142857143|56.302816307510795
2015-11-30|72.81|56.994193548387095|56.994193548387095|5.214433128384734|33.097606238966215|74.78005865102641|56.75477587651605
2015-12-07|71.21|57.4384375|57.4384375|5.390013169731148|33.27406569701552|71.247892074199|57.05874487878716
2015-12-14|68.24|57.765757575757576|57.765757575757576|5.4036549326144865|32.70821440062253|69.51871657754012|57.51915355671211
2015-12-21|75.26|58.28029411764706|58.28029411764706|5.696113172713879|32.47492240775395|72.30424219772006|58.156975824925226
2015-12-28|76.5|58.80085714285713|58.80085714285713|5.990233220220091|32.345955191687736|72.07461842849068|58.32882737587614
2016-01-04|72.62|59.18472222222223|59.18472222222223|6.06854407519662|31.584528957409805|66.55937052932762|58.47251042398802
2016-01-11|66.8|59.390540540540535|59.390540540540535|5.873573853752617|29.371430007650467|63.74379174516184|58.72105913813582
2016-01-18|68.75|59.636842105263156|59.636842105263156|5.765653578153504|27.928412686557714|62.931185431623184|59.042077170228936
2016-01-25|68.5|59.86410256410256|59.86410256410256|5.64214180638718|26.35919543530861|63.39742458987475|59.38315879935935
2016-02-01|70.89|60.13975000000001|60.13975000000001|5.616777372041945|24.669771190651357|64.76481575819324|59.703882864587065
2016-02-08|69.3|60.363170731707314|60.363170731707314|5.510166359985227|23.000322702972408|61.22201006769657|59.8813743886038
2016-02-15|72.63|60.6552380952381|60.6552380952381|5.539890599545629|21.663929550210316|62.8038628038628|60.11545667796374
2016-02-22|75.21|60.993720930232556|60.993720930232556|5.658522275474816|20.96934597923575|64.33588761174968|60.2790134911492
2016-02-29|76.82|61.353409090909096|61.353409090909096|5.81450783529597|20.87988316401851|59.747747747747745|60.489676866268894
2016-03-07|77.03|61.70177777777778|61.70177777777778|5.943921443091469|20.796810549888214|58.41399851079672|60.71380503388905
2016-03-14|79.7|62.09304347826087|62.09304347826087|6.153390481711668|21.2017834851164|61.74070716228468|61.10339323488915
2016-03-21|79.65|62.466595744680845|62.466595744680845|6.3181403838812145|21.67203514567613|60.43771043771044|61.378900037437575
2016-03-28|77.29|62.775416666666665|62.775416666666665|6.3451736470580755|21.696788997570426|57.87493280774055|61.58131253912384
2016-04-04|78.75|63.10142857142857|63.10142857142857|6.411656155071839|20.844991227676424|58.31560283687943|61.91968077049913
2016-04-11|80.84|63.456199999999995|63.456199999999995|6.539488122830221|20.927679346956303|53.55590675622284|62.35464435642129
2016-04-18|84.08|64.122|63.86058823529412|6.769849591274948|21.3769889001039|55.891181988742964|62.849264232879186
2016-04-25|84.0|64.7948|64.2478846153846|6.949966273630082|21.80810650515025|61.56230626162429|63.190002301886295
2016-05-02|82.78|65.46440000000001|64.59754716981132|7.03687721952295|22.208429995550432|62.049573005623834|63.29418692308928
2016-05-09|83.1|66.1614|64.94018518518519|7.1060991294506834|22.878889568047956|66.38007054673722|63.43631559687297
2016-05-16|82.92|66.8628|65.26709090909091|7.138320188943084|23.501459171081372|59.942886812045685|63.63726213127821
2016-05-23|88.56|67.67|65.68303571428571|7.383665111228993|24.980671674315097|64.04939422180803|64.02232632362336
2016-05-30|90.24|68.4924|66.1138596491228|7.64957826850933|26.96667329647641|71.63555992141454|64.56943675420176
2016-06-06|93.75|69.37899999999999|66.59034482758621|8.010240774483506|29.428976660121375|85.08200989325698|65.06296800772337
2016-06-13|89.54|70.2068|66.9793220338983|8.127415232151264|29.998871488834517|75.55938037865751|65.39587317661562
2016-06-20|91.01|71.044|67.37983333333334|8.268740498502723|30.903078011666825|76.86798758653619|65.73339550216664
2016-06-27|90.8|71.839|67.76377049180329|8.360015649775363|30.806902914231724|75.06925207756234|66.06649743600458
2016-07-04|91.51|72.684|68.1467741935484|8.445589755317798|30.717597466613416|78.59902137522536|66.32361262269114
2016-07-11|96.0|73.5762|68.58888888888889|8.685616975529115|31.408864165216944|79.21980495123783|66.7004275673127
2016-07-18|96.4|74.44279999999999|69.0234375|8.88879392753347|32.10669874741878|78.02168738428989|66.88918423891751
2016-07-25|98.8|75.3368|69.48153846153846|9.14326290035683|32.23153591696637|78.4715025906736|67.218561191476
2016-08-01|97.51|76.27199999999999|69.90621212121212|9.286416903013702|32.497286608077374|75.80645161290326|67.47952464291564
2016-08-08|98.8|77.1684|70.33746268656716|9.439634999243495|32.79554855158725|74.93472584856399|67.68674635451981
2016-08-15|98.4|78.0702|70.75014705882353|9.529873706323173|33.072506070560706|74.25614489003884|67.84201466434504
2016-08-22|104.09|79.082|71.23333333333333|9.821474090156514|34.00614020753304|81.91996188661271|68.12443857043309
2016-08-29|104.15|80.0376|71.70357142857142|10.052509074213788|34.873086191864495|81.29620502710699|68.318688666984
2016-09-05|107.66|81.0458|72.21|10.37504039497027|36.57684332494715|81.92857142857146|68.64689707441963
2016-09-12|106.06|82.022|72.68013888888889|10.561628378115515|38.15890351995247|77.22993062438061|68.89709891371584
2016-09-19|109.38|82.88960000000002|73.18287671232878|10.835244371109411|39.934687736327355|79.10550458715599|69.10358272721432
2016-09-26|105.82|83.6462|73.62391891891892|10.894301414352725|41.564752676885256|75.07618632999566|69.29780040342375
2016-10-03|111.22|84.53559999999999|74.1252|11.141921569874995|43.16379891663579|77.55782046256374|69.58212086791578
2016-10-10|110.6|85.37780000000001|74.60513157894736|11.301295725458488|44.88522263546385|76.89467547609794|69.86068220339986
2016-10-17|111.75|86.2428|75.08753246753247|11.456873613456679|46.32010526776194|74.685969767937|70.10714261496031
2016-10-24|112.44|87.1042|75.56641025641026|11.589179551696702|47.6740646793528|74.14093083949544|70.33000214074413
2016-10-31|106.52|87.68980000000002|75.95822784810126|11.42111777611089|47.07240539716948|63.194874974168215|70.45231296017117
2016-11-07|113.49|88.40360000000001|76.427375|11.532437826022871|45.797066067943945|73.41153470185728|70.81068919326931
2016-11-14|111.25|89.1724|76.85728395061727|11.501500971111682|44.671352537555386|69.49152542372882|70.98405830586283
2016-11-21|118.0|90.1082|77.3590243902439|11.724674605303917|44.51186810537405|73.26377009921315|71.23438251193913
2016-11-28|116.62|91.0758|77.83204819277108|11.828526661519987|44.36377541834853|71.23287671232879|71.45372862077045
2016-12-05|121.9|92.00859999999999|78.35666666666667|12.107911080610819|45.013473756634696|71.6121495327103|71.8050235723292
2016-12-12|128.42|93.04699999999998|78.94564705882352|12.594255442324865|46.08144020276409|74.24288310115082|72.26319051934435
2016-12-19|128.13|94.15719999999999|79.51755813953488|12.974530849510728|47.19542787024189|72.93915219771627|72.5093206109289
2016-12-26|129.75|95.41619999999999|80.09494252873563|13.340481739496354|48.22984499004271|75.08558979147216|72.66007171737219
2017-01-02|132.5|96.6912|80.69045454545454|13.74040511081347|49.61855217236558|75.6390748630554|72.88869269245505
2017-01-09|124.26|97.8064|81.17999999999999|13.704713408256282|48.87266575591325|67.57748776508973|73.12966627874273
2017-01-16|126.48|98.9182|81.68333333333334|13.725569845439225|47.7678831731339|65.9723213011842|73.3377314491893
2017-01-23|131.9|100.17020000000001|82.23516483516484|13.931669710672324|47.37695498867299|68.38966202783301|73.61090442781072
2017-01-30|130.0|101.3176|82.75434782608696|13.991766663937028|47.013950245959286|65.1273022751896|73.78691007874717
2017-02-06|127.41|102.3616|83.23451612903226|13.893266029615333|46.32997372459137|64.26566884939196|73.96357465753645
2017-02-13|124.45|103.3142|83.67297872340426|13.639021268726395|44.6920688388225|60.1181683899557|74.19005854823403
2017-02-20|125.87|104.29099999999998|84.11715789473685|13.432783389784802|43.17115715917998|63.86008571823588|74.34471595758275
2017-02-27|122.43|105.1456|84.51625|13.06426401955261|40.54856009807808|57.965041921273276|74.63423779981046
2017-03-06|117.6|105.90460000000002|84.85731958762887|12.494444942299367|37.74570425784152|54.69294717082328|74.80794496082859
2017-03-13|122.73|106.8134|85.24377551020407|12.169089804648607|35.290766319158756|56.98828920570265|75.06993049053733
2017-03-20|124.59|107.73020000000001|85.64121212121212|11.922932872057729|33.548756758100936|57.61946569672646|75.26914410663356
2017-03-27|120.8|108.52940000000001|85.9928|11.508839427969164|31.63335825380737|59.20103092783506|75.38152340760307
2017-04-03|122.59|109.29960000000001|86.35514851485149|11.18315869768405|30.144756315776156|56.28279480806408|75.53724131724847
2017-04-10|111.04|109.8404|86.5971568627451|10.372927655106565|28.893291547952|49.87152820261838|75.69733058230617
2017-04-17|120.08|110.58640000000001|86.92223300970873|10.006397297699905|27.87027881332715|51.23780052368483|75.96630884227216
2017-04-24|125.82|111.4408|87.29625|9.89430243096119|26.067308094812518|55.204797465489925|76.20418775664382
2017-05-01|128.2|112.34639999999999|87.68580952380952|9.865785835936009|24.783927583157674|53.68507253158633|76.37891459338063
2017-05-08|127.3|113.1212|88.05952830188679|9.772719338344857|23.971477491357437|49.29877285249187|76.50745880252255
2017-05-15|131.1|113.9384|88.46177570093458|9.821430373040855|23.50204836449574|51.78121626484347|76.77531169769104
2017-05-22|130.2|114.6674|88.84824074074075|9.796866087913486|23.187650055289605|50.27223230490017|77.04448657309844
2017-05-29|126.95|115.4156|89.19779816513761|9.608185808059872|21.574115278495807|46.662657847263986|77.3398097284028
2017-06-05|122.25|116.04039999999999|89.49827272727272|9.213503006927397|20.40900873909813|48.737595779424694|77.56476245110541
2017-06-12|111.99|116.4642|89.70090090090089|8.402652487866163|20.931238124515165|41.734169994295485|77.74937087893238
2017-06-19|114.58|116.92559999999999|89.9230357142857|7.768917945367832|21.416165410973836|39.79014383400141|77.87888411316456
2017-06-26|120.29|117.4114|90.19176991150442|7.425758481117256|22.63987852072658|44.52217082252059|78.10103896557573
2017-07-03|125.5|117.99340000000001|90.50149122807018|7.319744076973592|22.68284350437035|48.95342465753425|78.29903305058764
2017-07-10|134.51|118.7076|90.88417391304348|7.584593984620071|21.096939577716057|55.169578622816026|78.65211630371765
2017-07-17|133.75|119.4324|91.25370689655173|7.7640434681904935|19.624314502965643|54.07698675496688|78.88296475366555
2017-07-24|136.22|120.1808|91.63803418803418|8.003860879779424|18.397506238679057|57.20706595589003|79.09901088218822
2017-07-31|138.77|120.98819999999999|92.03745762711864|8.299778147911297|17.542308088823603|61.33418995609809|79.30748394340836
2017-08-07|141.8|121.7424|92.45563025210083|8.664753123705282|17.35760016249582|60.44473655383942|79.5685967378318
2017-08-14|138.74|122.43419999999998|92.84133333333332|8.832373224921525|17.124005746143176|57.64947561898584|79.71630640752613
2017-08-21|149.7|123.275|93.31123966942148|9.417315780262626|17.671361327463067|64.4992976118804|79.93043416098459
2017-08-28|157.8|124.3098|93.83983606557376|10.24906548161664|19.13082688752555|66.61319241294706|80.30006971556159
2017-09-04|162.0|125.36219999999999|94.3939837398374|11.131968227097232|20.70294266535194|75.83654431149868|80.60941667485717
2017-09-11|160.1|126.4478|94.92387096774193|11.799679206372971|22.304289103083647|71.87363358111062|81.04683545897542
2017-09-18|157.35|127.3704|95.42328|12.238944309667275|23.542171752480268|67.81557238106001|81.30849394152952
2017-09-25|155.7|128.2724|95.90166666666667|12.521134640931834|24.511336874464327|65.66773017319964|81.65329697411879
2017-10-02|160.25|129.2424|96.40834645669291|12.925455184335306|25.460978370212224|68.02319221091784|81.89922626582323
2017-10-09|160.0|130.1936|96.90515625|13.233807015788074|26.34278833054956|66.44661962212611|82.04751897639865
2017-10-16|160.87|131.2806|97.40100775193798|13.503604351811447|27.5287195537769|67.45986564955027|82.27619479103991
2017-10-23|160.0|132.2108|97.88253846153846|13.66491594256479|28.471920673809272|69.33879461673492|82.46755757387261
2017-10-30|160.5|133.1958|98.36053435114503|13.787601853646606|29.307378612465488|73.53846153846153|82.71049099916998
2017-11-06|190.1|134.6378|99.05553030303031|15.105609526314055|32.39969660475349|88.82592703051992|83.68623430098172
2017-11-13|186.04|136.02620000000002|99.70954887218046|16.055225044754536|35.27113474044949|85.00881834215167|84.26893301753196
2017-11-20|192.3|137.4342|100.4005223880597|17.11200851868034|37.96902327742685|85.08917259526362|84.72530517571523
2017-11-27|184.55|138.5568|101.02385185185184|17.66835491931451|40.2904591409906|78.07893485496909|85.01034253103255
2017-12-04|185.0|139.6942|101.64132352941176|18.12655937838366|42.12366098036631|76.13624598819753|85.24105135852834
2017-12-11|190.0|140.8992|102.28627737226277|18.688799071194637|44.27645910421216|77.8934840821184|85.73014663280952
2017-12-18|189.2|142.0332|102.91608695652174|19.09630998695505|46.275485933497585|76.7144009681323|85.96951324464968
2017-12-25|189.0|143.328|103.53539568345323|19.390970412795895|47.792991752936665|75.94256791653754|86.08850004243368
2018-01-01|203.5|144.8684|104.24942857142857|20.20611969419977|49.66747153018298|78.49094939046914|86.33729775335837
2018-01-08|199.49|146.2202|104.92489361702127|20.697278658961977|51.40948454568035|77.80829442460862|86.63519308135936
2018-01-15|203.97|147.6996|105.62239436619718|21.258954395588546|53.02706806007076|76.40875912408758|86.9114285588998
2018-01-22|208.0|149.3114|106.33832167832168|21.862342940102195|54.72490145462296|75.43575192541547|87.24639969948066
2018-01-29|208.8|150.9984|107.04986111111111|22.3643243672374|56.548564688646884|74.55919395465995|87.7475669761587
2018-02-05|203.18|152.5446|107.7128275862069|22.503680530679418|56.58532299606795|71.75757575757575|88.17377416492334
2018-02-12|214.02|154.3764|108.44095890410958|23.017257932637705|56.70309925200365|76.45905313287889|88.55041895170206
2018-02-19|228.5|156.59439999999998|109.25768707482993|24.014418129442618|57.285812330038766|80.35356904603069|89.08165634936836
2018-02-26|224.5|158.6298|110.03635135135134|24.655634158374255|58.033380087752505|76.91212197369524|89.4776558341937
2018-03-05|225.3|160.644|110.80993288590604|25.18267103784845|58.64518761927038|77.22648432288193|89.70871609289478
2018-03-12|211.52|162.4584|111.48133333333334|24.990824679714024|56.93430761469468|69.06572310472032|90.17485418458358
2018-03-19|220.5|164.4166|112.20331125827815|25.125074433064526|55.34563332473154|71.4630339151412|91.05753189152254
2018-03-26|214.14|166.4786|112.87394736842106|24.8992741786856|53.87043576976576|68.26975476839236|91.51021421809612
2018-04-02|217.0|168.417|113.55450980392158|24.745084899363917|51.901755012860995|61.202731967349656|91.98460245309467
2018-04-09|180.67|169.514|113.99032467532467|22.99842500182291|49.444347271216074|48.23737937372809|93.44070210290207
2018-04-16|190.0|170.75|114.48070967741934|21.77703197554149|47.41179949410574|49.25997425997426|94.74861360573972
2018-04-23|195.0|172.104|114.99685897435896|20.84133224140544|45.03424829522028|53.422862757942994|95.40286235109606
2018-04-30|195.7|173.396|115.51089171974522|19.979640832267933|42.826522181969494|53.499018966644854|95.66118335969294
2018-05-07|202.1|174.834|116.05892405063292|19.426974729439735|40.5036490452855|53.92093324692158|96.04063773818146
2018-05-14|195.49|176.2048|116.55849056603773|18.59969530488482|38.31439983027457|51.96427456123916|96.38328522995441
2018-05-21|196.03|177.68040000000002|117.05518750000002|17.833991496415052|36.326004278124834|52.19071361794952|96.64605530856248
2018-05-28|196.02|179.36100000000002|117.54565217391304|17.10186581088999|34.584020824797925|47.43765415182242|96.9461587387325
2018-06-04|189.21|180.8536|117.98802469135804|16.114280231747017|33.38138241455586|46.54477009948911|97.36331117435073
2018-06-11|187.45|182.1968|118.4141717791411|15.116955699474033|32.53139381601721|44.34401533826349|97.64567555867008
2018-06-18|191.5|183.5168|118.85981707317072|14.35957494539548|32.10389812519485|44.35163631384363|98.25083343887115
2018-06-25|186.5|184.5566|119.26975757575757|13.434408210062799|32.022259570564486|42.57952881671768|98.70016094829428
2018-07-02|188.0|185.6416|119.68379518072288|12.638213332036031|31.761812598584786|44.80635007527029|99.04301638892683
2018-07-09|192.46|186.7664|120.11958083832336|12.083700543165463|30.519416975493584|42.286777332570125|99.46616197853233
2018-07-16|174.1|187.47299999999998|120.44089285714286|10.780350880133113|30.672791442794892|31.063770537454758|99.85846146588032
2018-07-23|179.85|188.234|120.79242603550294|9.836991968240682|30.81521059100325|34.644748607194444|100.09194142647875
2018-07-30|175.0|188.9592|121.11129411764705|8.76717463124237|31.029105528050355|33.17050321199143|100.27092669857157
2018-08-06|162.86|189.2224|121.35543859649123|7.2805297747714235|32.03767719144865|33.5385656292287|100.7017081040471
2018-08-13|162.25|189.3114|121.5931976744186|5.916668238364224|33.107215518253156|29.11138205551174|100.99156302262307
2018-08-20|157.85|189.2284|121.802774566474|4.505440875980042|34.45065652629197|29.526442132829004|101.2939540360701
2018-08-27|159.49|189.2162|122.01936781609194|3.3118171329003587|35.69813746232801|28.895412844036713|101.49969055986209
2018-09-03|151.77|189.1046|122.18937142857142|1.9188451184369342|37.06210332269466|36.57562244518768|101.69191142156983
2018-09-10|159.5|189.18060000000003|122.40136363636363|1.0065797950864237|38.64353430143674|35.618634477555645|102.25605650253114
2018-09-17|165.5|189.28560000000002|122.64485875706214|0.44951296982571876|39.00474165851026|36.220104633781766|102.58846821691866
2018-09-24|171.05|189.5066|122.91679775280898|0.18956018649731732|38.70716880637947|38.984717132898396|102.9596025398645
2018-10-01|162.5|189.5392|123.13793296089385|-0.40250234602356727|38.84168339607502|32.63767099263417|103.20008975017751
2018-10-08|166.75|189.67419999999998|123.38022222222222|-0.7458075092408478|38.96658980079231|37.132879656160455|103.46239886644697
2018-10-15|159.99|189.66400000000002|123.5824861878453|-1.3331839065366466|38.89043508268644|34.71586089906701|103.6253351679014
2018-10-22|156.24|188.98680000000002|123.76192307692307|-2.0076441166512495|39.203138411937914|33.64847089773103|103.84659011489492
2018-10-29|165.67|188.57940000000002|123.99092896174864|-2.20012053174392|39.04748012557112|40.52792531788185|104.06916605554765
2018-11-05|169.88|188.13099999999997|124.24032608695653|-2.1859426847829866|37.518904044034564|43.066845552837194|104.33990909244939
2018-11-12|173.4|187.908|124.50605405405405|-2.018022394047648|36.09951196832205|42.8277064511016|104.58745838850588
2018-11-19|171.3|187.63400000000001|124.75763440860214|-1.9520279860410312|34.99279651826398|43.835171966255686|104.75831088964489
2018-11-26|169.0|187.21400000000003|124.99422459893047|-1.984918889787508|34.21240374477483|42.34364925854288|104.98140440038541
2018-12-03|171.1|186.852|125.23946808510638|-1.9192897233991744|33.00487946835466|41.225764048636215|105.17544678181835
2018-12-10|164.99|186.3718|125.44978835978836|-2.1136292169334467|32.20143556894907|45.839042660089525|105.34548397178578
2018-12-17|164.98|185.60139999999998|125.65784210526317|-2.279716544516816|31.655276905890357|42.83235322471802|105.5345673700003
2018-12-24|166.18|184.9352|125.86999999999999|-2.3691516909901793|31.303581106385725|45.593525179856115|105.64207272065686
2018-12-31|167.27|184.20120000000003|126.085625|-2.395107026876474|30.692336454100577|52.47669324946648|105.68552824527352
2019-01-07|170.05|183.4422|126.31341968911919|-2.2933599935836924|29.639924334085407|54.276315789473685|105.85236824369667
2019-01-14|178.7|182.84019999999998|126.58345360824741|-1.8307768162050024|27.54584515656065|60.9219486642221|106.06052659801527
2019-01-21|181.12|182.399|126.8631282051282|-1.3134536657672413|26.18198722177978|61.23869895043126|106.30475571148489
2019-01-28|185.0|181.8186|127.15974489795919|-0.6875262166151401|25.319383077704376|67.98354800303062|106.58682376480536
2019-02-04|181.7|180.88260000000002|127.43659898477156|-0.2707994221080696|24.51839351534864|62.619372442019085|106.79728626172032
2019-02-11|178.78|179.9682|127.6959090909091|-0.024472080489005066|22.862058208306284|57.82280867106503|107.20442686731874
2019-02-18|176.99|179.00199999999998|127.94361809045226|0.11801837991936281|21.324032566052665|53.661242603550285|107.38834312290601
2019-02-25|179.85|178.36860000000001|128.20315|0.3646819546660538|20.14513265625838|61.500729152856955|107.5613214637783
2019-03-04|177.83|177.5152|128.83835|0.4965745172013101|19.050439882877974|57.56830601092898|107.68968003641714
2019-03-11|179.05|176.8134|129.4818|0.6633999343975461|17.943641030940793|64.08513154005321|107.8207942489782
2019-03-18|183.5|176.1434|130.15279999999998|0.9971603982719728|17.887374279780463|69.93856056173202|108.07990390167586
2019-03-25|188.2|176.29399999999998|130.85254999999998|1.4882640832015|18.501380343189712|67.70391324846771|108.4709297428388
2019-04-01|198.59|176.46579999999997|131.60625|2.3576614915709513|19.799655284738115|70.56295659647617|108.8106561514106
2019-04-08|204.81|176.66199999999998|132.3893|3.3830898040623367|21.864472874346767|71.65908150599918|109.42429760235541
2019-04-15|202.15|176.79100000000003|133.15445|4.168248333372617|23.781803493269084|71.10989462159574|109.74618909848805
2019-04-22|197.22|176.6934|133.89345|4.642390191144301|24.7895465315352|68.63936591809777|110.05401075121195
2019-04-29|203.07|176.845|134.66805|5.295370446541739|25.72530792421088|70.11957205789805|110.25050265238829
2019-05-06|199.01|176.9046|135.41735|5.685864301481416|26.729375330086366|71.9767441860465|110.42733508379442
2019-05-13|199.23|176.9688|136.15825|6.023695120076354|27.41021938928079|72.06545548254093|110.75771284354019
2019-05-20|205.59|177.2964|136.9399|6.57338626704356|28.336756654976963|73.80693487978738|111.14799253720024
2019-05-27|205.51|177.65759999999997|137.7105|7.036793188043049|29.43499110101299|73.38551859099805|111.4576993001493
2019-06-03|219.6|178.21959999999999|138.54315|8.021298203575327|31.379298677750644|76.61974857634038|112.15238374763447
2019-06-10|207.47|178.63899999999998|139.31|8.355984385013102|33.27739428202805|64.8990160538581|112.70156226431796
2019-06-17|206.61|179.0112|140.0893|8.590703595040623|35.03991162885706|63.41720181071693|113.0668462088064
2019-06-24|205.6|179.274|140.8474|8.729875533895068|36.45709392231129|61.18106817194963|113.2791579265299
2019-07-01|208.0|179.952|141.62085|8.928161709095576|37.96766144878258|64.41569831177375|113.50833348784631
2019-07-08|205.65|180.468|142.3816|8.977427397151303|38.85050125839248|64.8207391064534|113.7344232457329
2019-07-15|203.9|181.046|143.11925000000002|8.919977542434879|39.234449311583056|64.8493543758967|113.92263899505764
2019-07-22|202.29|181.83460000000002|143.84445|8.774144644508738|39.018929158359065|62.55595344673232|114.11943856934899
2019-07-29|194.56|182.48080000000002|144.531|8.291851385757468|37.45311851652966|58.798779846428936|114.36668767500805
2019-08-05|194.83|183.2204|145.17515|7.8512646702418465|35.59124792322325|58.38291542711432|114.57499927440689
2019-08-12|188.0|183.7906|145.7752|7.1488546506336945|33.20248214064726|52.331606217616574|114.80682531751036
2019-08-19|191.1|184.5772|146.39695|6.636460407914541|30.984342485398134|51.527924130663855|115.022874457533
2019-08-26|194.89|185.285|147.02895|6.322993020487161|28.89456192996521|47.9048697621744|115.22526608411317
2019-09-02|201.0|185.995|147.69145|6.284631346876438|27.856736833737017|47.83989114412065|115.4473305821163
2019-09-09|205.61|186.6862|148.37265|6.426535672511989|27.635954341197706|51.91923674284447|115.75113592347381
2019-09-16|206.42|187.56460000000004|149.01855|6.5669942621575785|27.517690220480493|55.3475935828877|115.91184518144651
2019-09-23|201.25|188.25460000000004|149.6358|6.453009317709018|26.568777091951567|48.93367705647997|116.09351793132467
2019-09-30|198.31|189.021|150.2633|6.20836299536262|25.139845154771713|49.58442175255284|116.25805998669325
2019-10-07|202.75|189.9512|150.921|6.160692362839001|23.940353420036452|51.99004975124379|116.42492101237205
2019-10-14|208.0|190.7978|151.6198|6.3217788372529355|23.539963013477408|51.3798236573915|116.65143138683509
2019-10-21|215.0|191.7002|152.3185|6.741150398866893|24.2583456156079|55.0344827586207|117.07567059381162
2019-10-28|214.38|192.5198|153.0079|7.065858504661406|24.961542787834354|46.769002228274324|117.33129436220446
2019-11-04|217.5|193.44379999999998|153.7323|7.463850334154472|25.70909766934746|56.98759927546328|117.5750591276042
2019-11-11|216.4|194.3918|154.4803|7.747162798047896|26.576186508736566|56.79766699069573|117.79991922223356
2019-11-18|216.16|195.293|155.21734999999998|7.9644434538628275|27.21012821934321|57.411566535654124|117.98865756551481
2019-11-25|212.5|196.2432|155.93734999999998|7.978067933451825|27.20255221859921|53.10344827586207|118.17078876625175
2019-12-02|214.0|197.2236|156.6529|8.029440946904003|27.012939696375074|55.82693649685974|118.35883048208255
2019-12-09|217.0|198.24|157.3914|8.17747323444496|27.364681938306852|58.98491083676268|118.57350173130986
2019-12-16|221.57|199.326|158.1361|8.476984163009348|28.237260048419905|62.70761929870815|118.8359440216627
2019-12-23|226.4|200.453|158.89205|8.920681055502882|29.409009387236264|71.8201754385965|119.00099683071161
2019-12-30|226.4|201.407|159.63995|9.286548022048493|30.785243502845354|71.7155041959004|119.12167711667499
2020-01-06|232.0|202.4246|160.41479999999999|9.819088218025684|32.298037479373306|80.78645396025749|119.36533780995853
2020-01-13|234.57|203.416|161.18915|10.369513347843906|34.008397957063956|80.64288735372904|119.71128825743858
2020-01-20|234.61|204.4742|161.96395|10.827181743229119|35.93487433606621|79.56236975290267|120.07161399175132
2020-01-27|227.1|205.44060000000002|162.713|10.882258196673604|35.33338247107165|69.02887139107611|120.41479608933572
2020-02-03|231.08|206.5224|163.47465|11.06637566618582|34.77485431071956|68.74172185430463|120.82120247562902
2020-02-10|232.87|207.58280000000002|164.2348|11.271616639071198|35.333954173524|69.18613085739156|121.38857278081892
2020-02-17|230.91|208.64440000000002|164.96895|11.33644772936421|35.13537011752849|72.56542909312232|121.74748572122844
2020-02-24|215.15|209.3664|165.62470000000002|10.693535335399105|32.75585233363937|60.72065189712248|122.21512322301894
2020-03-02|210.01|209.8966|166.26085|9.87485580372919|30.606711949539203|54.58101968702675|122.70734451807402
2020-03-09|185.85|209.84959999999998|166.77460000000002|8.099179944209368|31.27303534347293|38.71625063678044|123.375302664015
2020-03-16|180.9|209.49580000000003|167.26449999999997|6.29354635704442|32.275998599331295|32.25806451612905|124.14826873029281
2020-03-23|173.0|208.85960000000003|167.68669999999997|4.3421634263480655|32.95426859991416|29.986457728767675|124.52490636645685
2020-03-30|175.5|208.32659999999998|168.113|2.7071892139614704|33.78613308320455|29.564032697547688|124.98638921864165
2020-04-06|185.34|208.08900000000003|168.57095|1.667480906048013|33.50434086283813|36.07174887892377|125.43906355299153
2020-04-13|174.1|207.50959999999998|168.99375|0.26696183525052675|33.74437442088593|32.83265306122449|125.7812528816512
2020-04-20|171.46|206.95860000000002|169.396|-1.0852771967392698|33.96726272478747|33.108330589397454|126.0567404590842
2020-04-27|177.2|206.51800000000003|169.82800000000003|-2.0365189142766553|33.542484314517|35.364301622653514|126.24199782357768
2020-05-04|179.79|206.002|170.26940000000002|-2.763024921079875|32.785253090606744|35.152821003910304|126.44803992721484
2020-05-11|172.28|205.3374|170.6508|-3.715250918284312|32.24850015830533|30.78362573099416|126.63338130820893
2020-05-18|176.66|204.4786|171.0521|-4.361907590773086|31.75008672116831|30.539906103286384|127.00461149840321
2020-05-25|181.6|203.96120000000002|171.46609999999998|-4.712428833389112|30.677765113061593|33.12490583094771|127.40815478198064
2020-06-01|200.3|203.835|171.98005|-4.218173514336314|28.714157168683045|39.13192539769611|127.93153864204207
2020-06-08|191.4|203.551|172.44305|-4.144034508067421|27.050630231695685|35.81520667674313|128.1514839644834
2020-06-15|191.09|203.2128|172.90649999999997|-4.078992098719738|25.137525159599146|35.72553135659932|128.3575270646061
2020-06-22|187.6|202.8518|173.32405000000003|-4.156599106599202|23.362940867832208|36.693168036652736|128.5204106767703
2020-06-29|193.47|202.6432|173.77065|-3.964664483064297|21.81092031572867|37.48918900938061|128.6917619480704
2020-07-06|193.49|202.46719999999996|174.19979999999998|-3.7819339386577155|20.723010792189115|36.74431129662044|128.9148844866664
2020-07-13|195.19|202.47979999999998|174.64544999999998|-3.536899475002201|19.590457848195957|37.95521985432965|129.08150070683328
2020-07-20|199.0|202.5632|175.09355|-3.1482707778188797|19.078172635525636|44.07687229516614|129.2926835685551
2020-07-27|205.47|202.9126|175.5918|-2.5212711212850536|19.398793446820203|48.351009734127565|129.55557989396831
2020-08-03|210.6|203.30259999999998|176.0887|-1.7417724936628929|19.82468790324643|60.431594031863774|129.82961494483362
2020-08-10|219.27|203.7902|176.63205000000002|-0.680007225605948|21.00241362583282|65.6804250102166|130.23886498903119
2020-08-17|217.71|204.12439999999998|177.16185000000002|0.19607631275869153|22.09601608252018|69.26989052667874|130.72850993442404
2020-08-24|215.54|204.32299999999998|177.67735000000002|0.879353056344172|23.11150407801559|67.30636237897647|131.05558725926053
2020-08-31|214.35|204.4816|178.21650000000002|1.4312973642689713|22.978915386764378|63.552275063066425|131.43750330846927
2020-09-07|214.31|204.7428|178.7206|1.9139128236944032|22.855797316316828|70.97986016904936|131.80127335181479
2020-09-14|222.14|205.21939999999998|179.27504999999996|2.666314546419869|23.424090758996567|75.08414175410809|132.16872706790645
2020-09-21|220.9|205.5824|179.78955|3.271946216285045|23.951791812913466|72.63779527559056|132.6606738101168
2020-09-28|202.25|205.46740000000003|180.2177|3.0099976607278336|22.285688299305853|59.9751287972997|133.25144577230665
2020-10-05|198.76|205.1426|180.602|2.6215103804927082|20.849731766736586|62.19602063375092|133.5509359522512
2020-10-12|192.99|204.71480000000003|180.92485|2.025811043709467|20.032700997853784|57.426102773988184|133.76579729312255
2020-10-19|200.3|204.37080000000003|181.2857|1.80128382391959|19.192823051792146|58.3244301994302|134.08483156711333
2020-10-26|192.91|203.90099999999998|181.6015|1.2847437755353042|18.56752280959329|46.34194634194633|134.29152016993285
2020-11-02|204.79|203.6736|181.96294999999998|1.3256792835678084|17.545277482912837|56.43811904990864|134.58244231318497
2020-11-09|221.0|203.8436|182.44665|2.043018629822825|17.893799317729226|62.47393443990324|135.51026812118957
2020-11-16|221.49|203.9934|182.9217|2.6926088023796524|18.35773363879434|64.496535204038|135.83183012805787
2020-11-23|229.91|204.2516|183.41174999999998|3.6154154719642975|19.115553424928276|65.25452109845946|136.2026457254344
2020-11-30|245.5|204.7302|183.98925|5.080344197651044|20.758081782771008|69.261536182505|136.6884695584048
2020-12-07|250.95|205.22119999999998|184.60694999999998|6.592223456851002|22.667880082009976|70.09224560392043|137.11847583971527
2020-12-14|243.25|205.5582|185.20094999999998|7.58532947738999|24.08094470387311|65.5099894847529|137.5462877842704
2020-12-21|241.0|205.7382|185.7766|8.34651592582972|23.887710694136956|62.833200895759596|137.88033882673255
2020-12-28|242.06|205.88800000000003|186.37475000000003|9.039984333615791|23.878524596184615|61.70735337898185|138.02377966638784
2021-01-04|252.49|206.24560000000002|187.04919999999998|10.067424714746778|24.245760997730798|62.202468410226274|138.27312729471026
2021-01-11|250.34|206.71040000000002|187.68724999999998|10.855740086978983|25.079080014660068|61.93402092019603|138.73274994330777
2021-01-18|244.2|206.97279999999998|188.28529999999998|11.261348367190664|25.145060369159985|60.186238271253906|139.06365966584386
2021-01-25|237.78|207.071|188.8702|11.315094117545044|24.727510282673965|58.02892193818108|139.36245283651755
2021-02-01|247.86|207.41|189.49654999999998|11.754538184485028|24.339785202365515|60.75665277332479|139.60613235794239
2021-02-08|245.33|208.0136|190.168|12.001156854509674|24.150070174649738|57.69664785927648|139.8577136613589
2021-02-15|249.12|208.79579999999999|190.8132|12.343435399808413|23.97390622034223|59.21018276762402|140.10398469212944
2021-02-22|249.4|210.06679999999997|191.43110000000001|12.621019544741415|23.954115725421733|67.48498108729511|140.31054785076148
2021-03-01|252.75|211.50379999999998|192.05384999999998|12.97024378913946|24.189534858494447|70.04231940010395|140.67181131241992
2021-03-08|260.39|213.2516|192.7193|13.563148742741248|24.760271828717396|74.67779730521382|140.9338150535966
2021-03-15|260.62|214.95399999999998|193.3669|14.056812829989525|25.64783605460763|73.29317269076304|141.27068568930343
2021-03-22|269.28|216.63279999999997|194.0623|14.817417149251582|26.720203814682414|79.20458891013384|141.66017002469601
2021-03-29|271.61|218.58300000000003|194.78560000000002|15.544510883513766|27.96805731308986|77.56600660066007|141.9219220497945
2021-04-05|266.12|220.47619999999998|195.50495000000004|15.909237605593376|28.16228606889149|70.41998551774077|142.29828826925856
2021-04-12|274.29|222.41800000000003|196.31644999999997|16.529394205274116|28.590251293240964|72.34258632362898|142.77904270634463
2021-04-19|279.76|224.41740000000001|197.14235|17.259693159692574|29.34057939979672|71.63440673552643|143.23280756581445
2021-04-26|283.5|226.6418|197.9584|18.012177613197537|30.494833762966373|68.38235294117646|143.6577212349426
2021-05-03|298.13|229.07119999999998|198.82155000000003|19.24228746490209|32.228985352459844|70.96143593389017|144.17504445446502
2021-05-10|282.26|231.0844|199.56029999999998|19.60246082806424|32.70862031144481|66.15856184243226|144.78864021581393
2021-05-17|281.66|232.7116|200.29985|19.836780459518536|32.96242289984112|67.07542415588779|145.08930972995012
2021-05-24|290.32|234.69|201.07035|20.350342577147103|33.76256801299295|69.05100268435181|145.4004232876735
2021-05-31|292.08|236.7098|201.8369|20.817940308218596|34.66326180437289|66.77684549538097|145.66863442888788
2021-06-07|292.22|238.8022|202.58899999999997|21.174967008078198|35.499620324939976|68.05483704086913|145.8503868541397
2021-06-14|286.7|240.6668|203.3288|21.193814140835144|35.46631518518631|68.42059639389737|146.10052600813177
2021-06-21|287.22|242.54140000000004|204.0164|21.168495220201635|35.210636867804894|72.58359217979171|146.24227294881592
2021-06-28|283.17|244.301|204.64325|20.911006107157164|34.28605850600685|67.0695156144252|146.4105781849956
2021-07-05|281.01|245.94119999999998|205.2383|20.52863723619126|33.3923732718684|67.31030467688723|146.55998538463834
2021-07-12|277.78|247.3874|205.82670000000002|19.991646115747642|32.74342835191142|63.98048780487802|146.7266694033187
2021-07-19|278.34|248.74220000000003|206.43164999999996|19.47957278084698|31.125118081792714|64.07861451644285|146.9702830811935
2021-07-26|288.7|250.13080000000002|207.09665|19.405293299366377|30.519227835339358|66.37216504235357|147.17929555922854
2021-08-02|296.31|251.70280000000002|207.77695|19.602583106933025|30.60035062776957|66.36297376093293|147.42813172763005
2021-08-09|303.48|253.4616|208.49435000000003|20.02109677625225|31.228651475640763|68.36332476435302|147.70405251581332
2021-08-16|303.77|255.25|209.20884999999998|20.34341537776652|32.17135718266874|65.91895135234928|147.97929815957883
2021-08-23|307.47|257.1132|209.94619999999998|20.723721836683637|32.80148908834521|66.34457611668185|148.15514931355082
2021-08-30|309.98|258.87|210.69359999999998|21.103921526467047|33.75236106208376|70.5491004497751|148.32286329826186
2021-09-06|309.83|260.6486|211.29225|21.370456281191593|34.33506522043961|68.0040526849037|148.4906588931942
2021-09-13|311.52|262.834|211.91965|21.61332680358197|35.079103792210574|66.72987779182466|148.70914601260966
2021-09-20|308.77|265.0342|212.502|21.64686175871367|35.48135799961284|63.45150644096664|148.8966242638148
2021-09-27|316.08|267.496|213.15965|21.920151611796427|36.32233397654159|60.362544740792025|149.16320020029244
2021-10-04|343.43|270.3586|213.9518|23.25184096365973|38.19830315453565|81.18054847588944|149.73592457747017
2021-10-11|341.5|273.3304|214.7093|24.278998885079375|40.257496655790774|80.09454838060743|150.35881545858777
2021-10-18|333.0|275.89459999999997|215.4283|24.755783976615078|41.0575093574317|71.49909329034853|150.7228566243702
2021-10-25|322.38|277.9222|216.0952|24.65429399658865|40.6248712130092|64.0122086570477|151.1248198127836
2021-11-01|327.66|280.0456|216.716|24.713173300319|40.223135793188305|65.6454176231679|151.46244545054546
2021-11-08|316.7|281.7814|217.30204999999998|24.227477247544982|38.67284587061912|62.63689974726197|151.83935726418719
2021-11-15|302.0|282.9114|217.7922|23.103076206870128|36.27077100159621|55.56140878988559|152.23425135461062
2021-11-22|286.0|283.61240000000004|218.18220000000002|21.361691508350134|34.54831075148176|50.977007526065044|152.86954828926227
2021-11-29|295.51|284.6576|218.61575000000002|20.157517155597418|32.948883376375484|54.76409515047968|153.2647517167631
2021-12-06|279.43|285.42620000000005|218.997|18.351021620200186|32.189886294291924|50.499909107435016|153.9428982210382
2021-12-13|278.82|286.1614|219.32100000000003|16.67058135642526|32.64875760241926|50.14538405621517|154.6461645297118
2021-12-20|275.96|286.63079999999997|219.55830000000003|15.011714371645041|33.0748523885375|45.957608833608326|154.9895080214776
2021-12-27|279.0|287.20399999999995|219.8308|13.626312235317698|33.373691953723004|44.34350696032939|155.21158088065027
2022-01-03|279.05|287.901|220.09955|12.360816420334174|32.64158927332828|41.627253410103506|155.5502231830541
2022-01-10|252.64|288.1982|220.30515000000003|10.086982566253369|33.187069095898615|35.137492006278734|156.2838727228095
2022-01-17|239.12|288.0234|220.39825000000002|7.47213347862936|34.36868453311788|31.204971676841012|157.5110406421087
2022-01-24|246.9|288.0548|220.56205000000003|5.463509694706772|35.465898867678625|33.14270443613043|158.32747429737645
2022-01-31|245.0|287.9724|220.70205|3.5885136665407344|35.96238205489853|32.83558379666404|158.76133328184716
2022-02-07|250.86|288.0016|221.053|2.1654461980842257|35.806488542808395|34.28660242461923|159.22334010143658
2022-02-14|240.0|287.7466|221.303|0.44010285824128914|35.9089494611124|32.90409188087308|159.88307542197015
2022-02-21|131.3|285.1648|220.9845|-5.682756122187982|38.31163170813203|19.459870421790328|159.22422175564745
2022-03-21|131.0|282.5724|220.66100000000003|-11.09874295958781|40.54269379465027|11.44226231531566|159.17017607509328
2022-03-28|159.0|280.3668|220.44550000000004|-14.676522271611674|42.67972481963279|19.738674802679597|159.16963794760971
2022-04-04|148.99|277.9144|220.213|-18.222627210417357|43.820322282449375|19.640323378980383|159.13241690451127
2022-04-11|132.9|275.25|219.89735000000002|-21.986952179758788|45.102358038857936|19.292104239595503|159.09326704564356
2022-04-18|123.27|272.2296|219.5336|-25.660073221508554|46.404715891750875|17.336273851759515|159.02852359309512
2022-04-25|130.4|269.2424|219.23955|-28.533017137800243|47.63646533570409|19.858270774009853|158.97494273942775
2022-05-02|124.2|266.0564|218.92329999999998|-31.252285926674915|48.7802326765178|20.419910827177745|158.95791786399195
2022-05-09|116.7|262.4278|218.54930000000002|-33.88224301772641|49.94767937724383|21.014244624024116|158.90377814589178
2022-05-16|119.94|259.1814|218.21649999999997|-35.971277505071754|50.97222210182911|19.28124015816917|158.8415137686287
2022-05-23|111.58|255.7798|217.8344|-38.06540002857045|51.993558414514645|19.816579751843207|158.6405868159191
2022-05-30|112.02|252.21380000000002|217.43220000000002|-39.785780496456994|52.97789986591659|19.98704476752556|158.54825922868744
2022-06-06|114.1|248.65420000000003|217.1322|-41.10078666011367|53.657187824596456|20.793937206784577|158.4736414292332
2022-06-13|118.4|245.1778|216.82495000000003|-41.9591255909279|54.318883859921975|21.152464434545195|158.40551504976716
2022-06-20|130.18|242.0474|216.60084999999998|-42.09445771431007|53.88217555143605|24.34072184494468|158.33339860918525
2022-06-27|126.5|238.833|216.41905|-42.242719412325215|53.25443799498686|26.41008378216638|158.24344377252993
2022-07-04|126.5|235.6996|216.2403|-42.246447785247824|52.67153883542689|27.816734951150337|158.18636912580854
2022-07-11|122.96|232.5386|216.06585000000004|-42.27182709867964|52.29290909326398|25.17227564102565|158.13051211788368
2022-07-18|122.98|229.44259999999997|215.8833|-42.16583662793309|51.98041500959782|25.37138704989505|158.08727734499436
2022-07-25|125.55|226.3868|215.75220000000002|-41.83609310438786|51.36161289586168|24.366894407396813|158.0406700782709
2022-08-01|117.0|222.9528|215.5397|-41.77923761341722|50.97712992504778|24.599372212126227|157.98242288107258
2022-08-08|119.09|219.4084|215.30765|-41.514446336917445|50.620110023577716|45.49479743192384|157.93100804533285
2022-08-15|120.65|215.7518|215.05564999999999|-41.08877241036504|50.18415822230446|46.216275499012944|157.89856111562625
2022-08-22|124.98|212.176|214.86805|-40.40488516094055|49.27571904122163|34.96021220159152|157.86464586324186
2022-08-29|135.9|208.7446|214.71379999999996|-39.21594985209629|47.385569438893164|44.25927550214893|157.80899739586286
2022-09-05|130.98|205.16460000000004|214.56875|-38.252957462147066|45.57522323610152|49.066511085180856|157.74669731229912
2022-09-12|130.52|201.5784|214.44015|-37.304397535159126|43.89418747636642|53.86996904024768|157.70315192469286
2022-09-19|114.47|197.6374|214.18415000000002|-37.030376112896846|43.4389530145207|42.23608538843941|157.5298549046454
2022-09-26|105.66|193.5752|213.86305000000002|-37.04834695609293|43.44669582166173|41.18821292775665|157.32759433300612
2022-10-03|99.33|189.24020000000002|213.4927|-37.219944247598306|43.519021413725284|41.651446698067865|157.19117590631123
2022-10-10|103.73|184.44619999999998|213.15485|-37.073532055859005|43.76205729793511|42.29489495199164|157.068967130408
2022-10-17|113.7|179.8902|212.87834999999998|-36.4106221470789|42.9422653351737|50.99250936329589|156.97641424101903
2022-10-24|121.38|175.65779999999998|212.62975000000003|-35.38925172323934|41.37391279156699|54.10382321992284|156.88953064682977
2022-10-31|119.28|171.59580000000003|212.4012|-34.46696907112104|39.87836121800259|52.27073470103455|156.85214623323535
2022-11-07|131.0|167.66260000000003|212.2313|-33.051100824163115|37.5695971763034|55.186038854132356|156.7775728029223
2022-11-14|132.66|163.9818|212.06370000000004|-31.627721309462515|35.1389117499285|51.11350574712643|156.71959500346503
2022-11-21|131.19|160.5656|211.8833|-30.33427598419334|32.881846711151816|52.14841960604672|156.68285782354494
2022-11-28|131.39|157.4734|211.69|-29.08918279892731|30.78600060371632|52.235939643347045|156.66394654063896
2022-12-05|136.13|154.2858|211.47715|-27.69877446872897|28.950150854119805|55.95658073270014|156.62400873574717
2022-12-12|133.0|151.3572|211.23655000000002|-26.5165374353723|27.214151115885276|54.40788316030265|156.5922070222177
2022-12-19|135.74|148.4956|210.99025|-25.274069367546787|25.55106263409909|54.47597294210665|156.5660518634428
2022-12-26|140.99|145.7962|210.7867|-23.87594761582639|24.48958898899088|60.85225730570886|156.5396543440372
2023-01-02|140.12|143.0186|210.5934|-22.60290564961403|23.68465889464381|59.61943097612295|156.532527818749
2023-01-09|150.89|140.4554|210.46290000000002|-20.9524831220929|23.709491281644535|62.75734053324333|156.5227943945889
2023-01-16|150.0|138.4026|210.31365000000002|-19.465754399624473|23.873705023642877|60.87069864442127|156.5112961417306
2023-01-23|150.55|136.6312|210.17725000000002|-18.067568883357325|24.026189212641334|56.995511412472545|156.5045926201539
2023-01-30|160.44|134.902|210.08419999999998|-16.357242931572557|24.883911815808922|63.429978118161934|156.51246214367472
2023-02-06|164.33|133.28859999999997|209.98835|-14.62933250653873|26.229536928244404|64.9456281495889|156.5319375329951
2023-02-13|157.97|131.4308|209.83720000000002|-13.324278726470197|26.219633550057665|71.03074840456392|156.53480738374597
2023-02-20|163.06|129.892|209.65954999999997|-11.913588010299407|26.210437556027124|78.78635907723171|156.54473752606293
2023-02-27|168.71|130.6402|209.47905|-10.38996947285824|26.618703619263805|85.03332660068673|156.56740050179326
2023-03-06|171.9|131.4582|209.3278|-8.874947267341327|27.3223416072784|84.84817503322769|156.58719434038656
2023-03-13|193.2|132.1422|209.30769999999995|-6.606705126857804|29.06562768787784|86.42111050027488|156.7342473570937
2023-03-20|203.68|133.236|209.31074999999998|-4.135795805126008|31.233410279765337|86.76076469537253|156.87515569051016
2023-03-27|215.84|134.8948|209.3949|-1.4219242446642113|33.573526680691955|89.57377049180327|157.04564849946297
2023-04-03|215.95|136.7484|209.4785|0.9895618212983379|35.746491910123815|88.47721713923363|157.13949024570763
2023-04-10|221.4|138.5684|209.55755000000002|3.351761751931434|37.88936432152043|88.85969521807672|157.26876823818287
2023-04-17|235.47|140.7938|209.70735000000002|6.027515315421965|40.294076626487545|91.1263606247042|157.49757954645938
2023-04-24|239.39|143.2476|209.80630000000002|8.543793706903216|42.597267058424215|91.37931034482759|157.61232038652025
2023-05-01|236.8|145.5848|209.95295000000002|10.63615550190687|44.79977528071024|89.21698480716792|157.7586943896178
2023-05-08|226.68|147.8868|210.0533|12.02866551211946|44.44145551264918|84.60913255504656|157.9610825259158
2023-05-15|228.56|150.2176|210.1681|13.30457462904846|44.10873001373533|84.51070791195717|158.04082057180045
2023-05-22|243.0|152.7956|210.34310000000002|15.004244889909984|44.33008669514127|85.50149648500036|158.20178096084047
2023-05-29|240.95|155.2466|210.5196|16.376996766461644|44.680644229309294|84.80497065930273|158.35601685091575
2023-06-05|238.49|157.4128|210.69255|17.438860890332734|44.377999221839545|82.07851179141645|158.47587861339454
2023-06-12|241.79|159.7186|210.89004999999997|18.46573724787197|44.2351695885432|83.02986685858222|158.5573104688873
2023-06-19|233.81|161.8648|211.08630000000002|18.981799903269717|43.368578318386525|78.43967755157809|158.63971311265684
2023-06-26|236.96|164.1448|211.29695|19.514489937359144|42.563886424669604|77.39902606702952|158.72379793513622
2023-07-03|240.7|166.49919999999997|211.56044999999997|20.08522763565159|41.87737088299192|77.37472220230842|158.80364228247942
2023-07-10|244.5|168.8782|211.82745|20.69046115229645|41.59711650856338|81.59643613525161|158.90006644725355
2023-07-17|243.71|171.41240000000002|212.07155|21.130413658270214|41.34276664192646|80.40413179521981|158.9909696625713
2023-07-24|247.93|173.9892|212.3062|21.63446092987334|41.198336866704174|80.19054878048783|159.08493409350098
2023-07-31|264.04|176.857|212.59834999999998|22.69624931166274|42.19925628883118|81.96641687482656|159.4246750039013
2023-08-07|265.86|179.6746|212.89555000000001|23.644636311355043|43.12868146652055|79.14794608472403|159.5954714400746
2023-08-14|260.51|182.1668|213.19185000000002|24.186733975803094|43.44720241831275|73.77625303321898|159.7837152753391
2023-08-21|259.88|184.7448|213.49969999999996|24.567000862213916|43.74297187354836|70.39266530839045|159.88972976992426
2023-08-28|264.61|187.4266|213.80899999999997|25.029389582448687|44.241188600133675|71.60746003552399|160.00720957907413
2023-09-04|255.55|190.2482|214.04675|24.98026083566046|43.766976293121466|64.69322777729973|160.15639312805237
2023-09-11|260.39|193.3428|214.2737|25.06591437277345|43.32663629375299|61.64703682931389|160.29388946237563
2023-09-18|251.82|196.39260000000002|214.4609|24.703867536201727|42.12195298485111|55.56749977604587|160.43180873562537
2023-09-25|260.41|199.5262|214.67544999999998|24.671824963036897|41.00331848372794|60.035705177250705|160.5243300111557
2023-10-02|262.45|202.50120000000004|214.9057|24.655196104037287|40.022915749357544|66.3258785942492|160.6158660190121
2023-10-09|263.21|205.3378|215.14095|24.598164831567317|39.35049303555291|65.97805035506778|160.71745863631213
2023-10-16|269.57|208.3436|215.4263|24.742217403692905|39.23963634190737|63.23866467364225|160.8433695942413
2023-10-23|269.24|211.1084|215.7025|24.781104043306897|39.33727387622672|64.34147825205315|160.97084164189084
2023-10-30|268.39|213.82300000000004|215.95945|24.704794316585406|39.35216422880725|65.40919398062255|161.02963671652813
2023-11-06|279.3|216.7852|216.24810000000002|25.023759986992474|39.98762836662661|67.92506929179012|161.16525343530864
2023-11-13|280.79|219.77320000000003|216.52005|25.293565037135465|40.82298570166013|73.93519461993071|161.29407677276154
2023-11-20|286.38|222.7782|216.81994999999998|25.692317538017903|41.792643598498636|74.56750845098428|161.41984331422844
2023-11-27|273.85|225.5952|217.02919999999997|25.438194831137167|41.41547199976949|65.15497851330349|161.57412316205944
2023-12-04|264.68|228.174|217.17974999999998|24.748867499442383|39.66045844568363|58.793794666201855|161.75111734963227
2023-12-11|267.7|230.7082|217.3452|24.191541891838|37.10040575684811|60.25476617936222|161.9194069435853
2023-12-18|271.05|233.3268|217.56494999999998|23.76670483124383|35.033135570948225|59.95693367786391|162.04459879429592
2023-12-25|272.22|235.7534|217.77065|23.368304309430982|33.36847047988225|54.04310003954133|162.17157010705833
2024-01-01|274.11|238.2356|217.97685|23.024940513714682|31.967790615626274|54.07487898844216|162.19554323049982
2024-01-08|275.82|240.741|218.2014|22.72372881980519|30.890796924683805|57.844041397684194|162.26280902114198
2024-01-15|275.47|243.0416|218.503|22.373678833212693|30.041532078248586|58.010481964854606|162.3446664554848
2024-01-22|272.93|245.2136|218.81760000000003|21.8888913995479|28.897900999155542|54.37342304457527|162.41189294650775
2024-01-29|276.86|247.5914|219.27265|21.559735757821898|27.904525062823847|61.84020446716303|162.47771832509508
2024-02-05|283.56|250.0014|219.78595|21.486423674217434|27.879239601548324|62.612955906369095|162.590084730247
2024-02-12|288.31|252.3934|220.36250000000004|21.5574117732628|28.332778092783535|70.72588890151086|162.71112311590215
2024-02-19|284.57|254.6468|220.90785000000002|21.39710942842285|28.253831712964104|64.52272180812695|162.80725575216408
2024-02-26|294.7|256.6768|221.45465000000002|21.61873728637687|28.662703865151453|67.66736057850335|162.95445590076486
2024-03-04|299.97|258.6026|222.084|21.97240862844069|29.428323127039757|69.18980998120695|163.07389320875717
2024-03-11|298.95|260.2648|222.72145|22.176066628234736|30.323773811209126|66.24281291463953|163.20815574574968
2024-03-18|292.97|261.8052|223.3003|22.03667535823132|30.45613796642809|62.34779893849517|163.36910437905644
2024-03-25|299.03|263.3578|223.89649999999997|22.102869576233616|30.579047539131416|65.12339585389931|163.46483020851136
2024-04-01|306.51|264.7786|224.56765|22.41088039843123|31.34253197715051|63.90109328701338|163.58495864073524
2024-04-08|306.9|266.1288|225.21885000000003|22.632384679822962|32.15983617183236|63.49075126588817|163.69035811591652
2024-04-15|308.19|267.5566|225.8518|22.81467523329701|32.96635487473858|61.79301395047043|163.78349044946995
2024-04-22|309.6|269.215|226.3983|22.966771926347576|34.2442640413646|71.97295636140134|164.02330334543853
2024-04-29|307.7|270.7978|226.97979999999998|22.951785008040304|34.95146264362899|79.03617710583151|164.0799322315995
2024-05-06|313.57|272.2092|227.59220000000002|23.117319502224063|35.89957607216585|79.8128168464838|164.1532559411481
2024-05-13|323.37|273.85760000000005|228.27105|23.608264923860702|37.385699778232144|81.37443031902133|164.28386733152635
2024-05-20|321.58|275.51939999999996|228.9116|23.89596750490557|38.838761831737166|79.38095238095234|164.42502684993275
2024-05-27|312.99|276.9434|229.5091|23.715477887959082|38.71450035242828|71.43329658213891|164.59113067533437
2024-06-03|320.01|278.66740000000004|230.1332|23.780793939106218|37.833673200302876|73.01322778877199|164.773406162607
2024-06-10|319.97|280.32759999999996|230.73805000000002|23.76513548796595|36.77730873636303|73.24973876698013|164.87128964302673
2024-06-17|315.11|281.8158|231.28625|23.474125748238123|35.796398876990324|71.5160171393593|165.09388047911327
2024-06-24|327.93|283.48440000000005|231.87290000000002|23.687460897148526|35.701766186042356|73.88457581143017|165.26656396521986
2024-07-01|325.0|285.1102|232.40155|23.680979603626554|35.706429124127986|70.08919914679076|165.43314203700362
2024-07-08|292.22|285.996|232.7741|22.21833320685994|34.55300118565666|51.49043226347489|165.82726920981483
2024-07-15|290.29|286.521|233.14785|20.77483316441868|33.99944949867459|52.210884353741505|166.01459989206253
2024-07-22|293.39|287.0716|233.54305|19.56522947955733|32.8507185887711|49.46456306711354|166.16127295850873
2024-07-29|285.89|287.57919999999996|233.90095000000002|18.1183419020021|32.242719405267174|44.34810533076428|166.2810286828882
2024-08-05|280.0|287.9816|234.19025000000002|16.533804169111306|32.16613345828913|42.67944062427567|166.44610456363444
2024-08-12|274.28|288.175|234.45715|14.839375506954923|32.198645095153545|42.76534799101956|166.5364964353383
2024-08-19|259.08|288.2456|234.74130000000002|12.652113376587124|33.06781074865897|35.557804930952216|166.66676645124792
2024-08-26|253.94|288.1166|235.0172|10.46033455966051|34.028684034546885|30.66852982275502|166.76568262246616
2024-09-02|255.0|288.1802|235.32725000000002|8.533211623438888|35.41097837584918|31.008489461358323|166.97021750711417
2024-09-09|257.98|288.1316|235.61565|6.927348943679135|35.96847588430106|31.851369912528014|167.11329746600887
2024-09-16|268.87|288.26|235.99545|5.945049834899578|36.04398803430969|36.22217711927473|167.23446191808537
2024-09-23|267.97|288.3552|236.31135000000003|5.0194520583425515|35.594589198542714|36.46890538791636|167.33252950960988
2024-09-30|263.66|288.237|236.52465|4.002724511071108|35.598315128666435|32.81927710843374|167.43402895398225
2024-10-07|256.88|287.98980000000006|236.70160000000004|2.8039982386230804|35.62390162299793|26.6258876467693|167.4879149164857
2024-10-14|257.27|287.76739999999995|236.8384|1.7508043438788263|35.78311667410461|27.167506923240765|167.56737396767176
2024-10-21|246.46|287.11060000000003|236.8432|0.3562687545124277|36.38041752120469|26.745893044390044|167.66260250753612
2024-10-28|238.8|286.2708|236.78245000000004|-1.2031088465025164|37.37234783460508|21.741248521121847|167.7740917488715
2024-11-04|256.2|285.66720000000004|236.84720000000002|-1.8445711035626005|37.43577721942988|30.201800683017666|167.87005235944375
2024-11-11|252.84|285.247|236.90640000000002|-2.548885777613293|36.95353624842882|30.485741146975855|167.960323172941
2024-11-18|236.2|284.6774|236.87709999999998|-3.8679843206707005|37.210489796877916|21.925690151190523|168.0748596936772
2024-11-25|236.23|284.048|236.7958|-5.022815002726247|38.00634856595392|22.34062441577862|168.24040949404085
2024-12-02|237.68|283.38059999999996|236.73250000000004|-5.968720761247198|38.66679363610645|28.883382375716252|168.35783240957494
2024-12-09|228.83|282.51279999999997|236.65564999999998|-7.162134022907651|39.08984689831484|27.414376010583553|168.43253700710906
2024-12-16|258.19|282.1944|236.7577|-6.956145509576459|37.71523765723821|39.15722030556924|168.6178063791651
2024-12-23|273.5|282.14799999999997|236.8859|-6.105723541141856|35.262038687296446|46.35866690178099|168.87995600186744
2024-12-30|272.1|282.0806|237.01975|-5.393596851980817|32.93594443549599|47.61531031151897|168.93323743293905
2025-01-06|278.54|282.1928|237.16685|-4.474699498174175|30.64243192013558|51.2803558547728|169.0184611223531
2025-01-13|283.02|282.316|237.33495|-3.458363351753121|28.828289150666112|57.690824980724756|169.14309184322826
2025-01-20|280.63|282.2574|237.47435000000002|-2.6491891984256313|27.214057494613737|58.72849761266271|169.26627403239468
2025-01-27|280.4|282.0992|237.57440000000003|-1.9345642635978493|25.490555070180562|58.351966329080625|169.36018448399153
2025-02-03|285.47|282.11719999999997|237.69865|-1.0817995046488704|24.259088024493277|58.9166396367175|169.45859999646464
2025-02-10|307.02|282.3636|237.88735|0.5871969181932286|24.7588599816606|61.573933620532735|169.8692482446159
2025-02-17|313.34|282.63100000000003|238.09599999999998|2.3300678739071827|25.25651129678924|63.326088233566345|170.1078968392749
2025-02-24|306.45|282.781|238.29765|3.5747677679124195|25.291834830512162|62.38064926798217|170.3068400530645
2025-03-03|312.57|283.173|238.48905000000002|4.924544299683248|24.993560880212844|66.17484751670057|170.56271123986198
2025-03-10|319.82|283.5888|238.68935000000002|6.411027088036803|24.78307806047891|67.47109100050278|170.7912990620192
2025-03-17|319.94|283.8574|238.87155|7.712702712479484|24.988682004221403|71.82747148288973|170.97879016004538
2025-03-24|297.0|283.6594|238.8659|7.872230785401257|23.380109531839537|65.84967320261438|171.1157516693518
2025-03-31|290.59|283.3074|238.90755000000001|7.718779846831978|22.61146929352273|59.96176351312206|171.34622934381582
2025-04-07|300.88|283.133|239.00365|7.994528472998695|22.18951812305153|63.378634287623925|171.69392372477554
2025-04-14|299.18|282.9626|239.04795|8.14266056703758|21.66087335074085|69.13122721749697|171.79897377368658
2025-04-21|314.44|282.98|239.15974999999997|8.894168721029644|20.22632356620607|71.74553745203804|171.9746649242771
2025-04-28|315.5|282.82259999999997|239.27615000000003|9.577415807632349|18.845408521633566|71.68412839946501|172.00868098239303

МСФО (показатели|годы, |, 
):
Показатель|2008|2009|2010|2011|2012|2013|2014|2015|2016|2017|2018|2019|2020|2021|2022|2023|2024|LTM
OP|н/д|н/д|н/д|н/д|н/д|н/д|н/д|н/д|н/д|н/д|н/д|н/д|н/д|н/д|н/д|н/д|н/д|2170
NP|24.4|97.7|181.6|315.9|347.9|362.0|290.3|222.9|541.9|748.7|831.7|845.0|761.1|1251|270.5|1509|1580|1619
P/E|20.5|19.0|12.8|5.61|5.96|6.25|4.21|10.2|7.14|6.74|5.04|6.78|8.00|5.28|11.8|4.06|3.99|4.44
P/B|н/д|н/д|н/д|н/д|1.28|1.20|0.61|0.95|1.42|1.47|1.09|1.28|1.21|1.17|0.55|0.93|0.88|0.94

Макро (месячные, 2015-2025, дата|CPI|Rate|USD/RUB, |, 
):
Date|CPI|Rate|USD/RUB
2015-01|15.0|17.0|61.3
2015-02|15.8|15.0|66.8
2015-03|16.2|14.0|61.8
2015-04|16.4|12.5|54.9
2015-05|15.8|11.5|51.8
2015-06|15.8|11.5|54.7
2015-07|15.7|11.5|57.0
2015-08|15.6|11.5|59.5
2015-09|15.2|11.5|65.8
2015-10|14.7|11.5|65.7
2015-11|13.7|11.5|64.9
2015-12|12.9|10.5|67.8
2016-01|9.8|11.0|75.9
2016-02|8.1|11.0|77.0
2016-03|7.3|11.0|70.2
2016-04|7.2|10.5|66.8
2016-05|7.3|10.5|65.9
2016-06|7.4|10.5|64.3
2016-07|7.2|10.0|63.2
2016-08|6.9|10.0|64.7
2016-09|6.4|10.0|63.8
2016-10|6.1|10.0|62.9
2016-11|5.8|10.0|64.2
2016-12|5.4|10.0|61.0
2017-01|5.0|10.0|59.9
2017-02|4.6|9.75|58.4
2017-03|4.3|9.75|57.9
2017-04|4.1|9.25|56.6
2017-05|4.1|9.25|56.7
2017-06|4.4|9.0|59.0
2017-07|4.4|8.5|59.5
2017-08|4.2|8.25|59.3
2017-09|3.7|8.25|58.0
2017-10|3.2|7.75|57.6
2017-11|2.8|7.75|58.6
2017-12|2.5|7.5|57.6
2018-01|2.2|7.5|56.6
2018-02|2.2|7.5|56.8
2018-03|2.4|7.25|57.2
2018-04|2.4|7.25|60.2
2018-05|2.8|7.25|62.2
2018-06|3.1|7.25|62.9
2018-07|3.4|7.25|62.8
2018-08|3.9|7.25|63.1
2018-09|4.0|7.25|66.2
2018-10|4.1|7.5|66.0
2018-11|4.2|7.5|66.8
2018-12|4.3|7.75|69.0
2019-01|5.0|7.75|66.4
2019-02|5.2|7.75|65.7
2019-03|5.3|7.75|64.8
2019-04|5.2|7.75|64.4
2019-05|5.1|7.5|64.6
2019-06|4.7|7.5|63.9
2019-07|4.6|7.25|63.1
2019-08|4.5|7.0|63.4
2019-09|4.7|6.5|65.0
2019-10|4.7|6.25|64.0
2019-11|4.6|6.25|63.6
2019-12|3.0|6.0|62.0
2020-01|2.4|6.25|61.8
2020-02|2.3|6.0|63.7
2020-03|2.5|6.0|73.7
2020-04|2.4|5.5|75.0
2020-05|2.3|5.5|72.4
2020-06|2.6|4.5|69.6
2020-07|3.0|4.5|70.6
2020-08|3.4|4.25|73.6
2020-09|3.7|4.25|76.2
2020-10|3.6|4.25|77.9
2020-11|3.5|4.25|76.2
2020-12|3.4|4.25|73.7
2021-01|5.2|4.25|74.4
2021-02|5.7|4.25|74.0
2021-03|5.8|4.5|74.8
2021-04|5.5|5.0|76.0
2021-05|5.5|5.5|73.6
2021-06|5.8|6.5|72.5
2021-07|6.5|6.75|73.6
2021-08|6.7|7.5|73.5
2021-09|7.0|7.5|72.8
2021-10|7.4|8.5|71.0
2021-11|8.1|8.5|73.7
2021-12|8.4|9.5|74.3
2022-01|8.7|9.5|76.7
2022-02|9.2|20.0|84.1
2022-03|16.7|20.0|103.8
2022-04|17.8|17.0|80.4
2022-05|17.1|14.0|66.1
2022-06|15.9|11.5|56.6
2022-07|15.1|9.5|58.2
2022-08|14.3|9.5|60.5
2022-09|13.7|9.5|59.5
2022-10|12.6|8.0|61.5
2022-11|12.0|8.0|60.8
2022-12|11.9|7.5|64.7
2023-01|11.8|7.5|69.0
2023-02|11.0|7.5|71.8
2023-03|3.5|7.5|75.8
2023-04|2.3|7.5|81.0
2023-05|2.5|8.0|80.2
2023-06|3.3|8.5|83.7
2023-07|4.3|12.0|89.5
2023-08|5.1|13.0|94.4
2023-09|6.0|15.0|96.6
2023-10|6.7|16.0|93.4
2023-11|7.5|16.0|88.6
2023-12|7.4|16.0|89.7
2024-01|7.5|16.0|88.9
2024-02|7.7|16.0|90.7
2024-03|7.7|16.0|91.8
2024-04|7.8|16.0|92.5
2024-05|8.1|16.0|91.6
2024-06|8.3|18.0|88.8
2024-07|8.5|18.0|86.6
2024-08|8.6|19.0|91.5
2024-09|8.5|19.0|92.5
2024-10|8.8|19.0|95.5
2024-11|9.1|19.0|97.5
2024-12|9.5|21.0|104.2
2025-01|9.9|21.0|98.0
2025-02|10.1|21.0|91.0
2025-03|9.9|21.0|85.0

Макро (годовые, 2015-2025, год|GDP|CPI|Unemployment|Rate|TradeBalance|BudgetDeficit|MOEX|USD/RUB|CCI, |, 
):
Year|GDP|CPI|Unemployment|Rate|TradeBalance|BudgetDeficit|MOEX|USD/RUB|CCI
2015|-2.0|12.9|5.6|10.5|105.0|1.7|1800|68.5|35
2016|0.2|5.4|5.6|10.0|122.0|3.0|2200|61.0|30
2017|1.8|2.5|5.0|7.5|132.0|1.9|2500|57.6|40
2018|2.8|4.3|4.8|7.75|151.0|-0.2|2400|69.0|45
2019|2.2|3.0|4.6|6.0|141.0|1.2|2800|62.0|40
2020|-2.7|3.4|5.9|4.25|138.0|4.7|3000|73.7|25
2021|5.6|8.4|4.3|9.5|172.0|2.3|4000|74.3|35
2022|-2.1|11.9|3.9|7.5|290.0|-0.6|2500|64.7|30
2023|3.6|7.4|2.9|16.0|88.0|-0.2|3000|89.7|42
2024|3.6|9.5|2.4|21.0|70.0|1.7|3500|104.2|45
2025|1.5|7.5|2.4|21.0|70.0|0.6|4000|90.0|50

Индикаторы:
SMA_50:простая скользящая (50 недель)
SMA_200:простая скользящая (200 недель)
MACD:(24,52,9)
ADX_14:сила тренда (14 недель)
RSI_21:относительная сила (21 неделя)
VWAP:объёмно-взвешенная цена (недельная)
Задача:
1.Анализируй долгосрочный тренд (SMA_50, SMA_200), импульс (MACD), силу тренда (ADX_14), перекупленность/перепроданность (RSI_21), сравни close с VWAP.
2.Учти МСФО (NP, Assets, EV/EBITDA) и макро (GDP, CPI, Unemployment, Rate, TradeBalance, BudgetDeficit, MOEX, USD/RUB, CCI).
3.Прогноз на 6-12 месяцев:направление (рост,падение,боковик), вероятность (%), поддержка/сопротивление.
4.Рекомендация:Активно продавать/Продавать/Держать/Покупать/Активно покупать (по всем данным и по индикаторам с обоснованием).
Формат ответа:
Текущая цена:[число]
Прогноз:[направление] ([число])
Поддержка:[число],Сопротивление:[число]
Рекомендация (все данные):[действие]
Рекомендация (индикаторы):[действие]|[обоснование]
Комментарий:[обоснование: индикаторы, МСФО, макро]
Правила:
Без Markdown

Текст должен быть поделен на абзацы.
