
Ты финансовый аналитик, специализирующийся на краткосрочных прогнозах (1-3 месяца). Тебе предоставлены данные акции за последний год с таймфреймом 'weekly', финансовые показатели и макроэкономические данные России. Используй эти данные для формирования прогноза движения цены акции.

Исторические данные с индикаторами (последние 50 точек, таймфрейм 'weekly'):
      date  close    volume     SMA_50    SMA_100    SMA_200     EMA_50    EMA_100    EMA_200       MACD  MACD_signal  MACD_histogram  ADX     RSI_21   Stoch_K   Stoch_D  Stoch_Slow         OBV       VWAP
2024-04-22 308.98 238632040 307.820000 307.820000 307.820000 307.184275 307.142662 307.121465   0.089897     0.019873        0.070024  NaN 100.000000 39.033124 48.456888   51.352316   339707610 308.150769
2024-04-29 307.53  62735890 307.747500 307.747500 307.747500 307.197833 307.150333 307.125530   0.097451     0.035389        0.062062  NaN  56.456456 27.860262 43.307732   49.341170   276971720 308.075386
2024-05-06 313.49  86417410 308.896000 308.896000 308.896000 307.444585 307.275871 307.188858   0.355738     0.099458        0.256280  NaN  84.391819 79.912664 50.628718   49.598679   363389130 308.851317
2024-05-13 323.16 137557410 311.273333 311.273333 311.273333 308.060876 307.590408 307.347775   0.992016     0.277970        0.714046  NaN  92.352321 98.225470 59.787554   51.069932   500946540 311.508991
2024-05-20 321.00 133868280 312.662857 312.662857 312.662857 308.568292 307.855944 307.483618   1.461017     0.514579        0.946437  NaN  82.907197 81.228669 65.252038   53.486586   367078260 312.961931
2024-05-27 313.11 175101850 312.718750 312.718750 312.718750 308.746398 307.959985 307.539602   1.538340     0.719332        0.819009  NaN  60.358497 42.759629 65.997339   56.994676   191976410 312.986634
2024-06-03 319.90 195536300 313.516667 313.516667 313.516667 309.183795 308.196421 307.662591   1.889123     0.953290        0.935833  NaN  67.877095 75.865431 75.598373   63.452804   387512710 314.072338
2024-06-10 319.35 109180070 314.100000 314.100000 314.100000 309.582469 308.417284 307.778883   2.170717     1.196775        0.973941  NaN  66.850069 73.442781 74.304396   68.187940   278332640 314.497814
2024-06-17 314.14 181590490 314.103636 314.103636 314.103636 309.761196 308.530605 307.842178   2.193257     1.396072        0.797186  NaN  58.469682 48.285852 64.316473   69.093724    96742150 314.455509
2024-06-24 327.15 185299540 315.190833 315.190833 315.190833 310.443110 308.899306 308.034296   2.756448     1.668147        1.088301  NaN  68.370900 91.454690 66.361677   69.315651   282041690 315.822183
2024-07-01 325.00 166221980 315.945385 315.945385 315.945385 311.013968 309.218131 308.203109   3.155842     1.965686        1.190156  NaN  65.779267 79.285443 73.666840   70.849552   115819710 316.630469
2024-07-08 292.21 388499030 314.250000 314.250000 314.250000 310.276558 308.881337 308.043973   2.114049     1.995359        0.118691  NaN  41.682494 15.454344 61.584622   68.046801  -272679320 312.461854
2024-07-15 289.90 249545510 312.626667 312.626667 312.626667 309.477477 308.505469 307.863436   1.087756     1.813838       -0.726082  NaN  40.633849 24.558140 51.807694   63.547461  -522224830 310.232456
2024-07-22 293.30 187921730 311.418750 311.418750 311.418750 308.843066 308.204370 307.718526   0.319611     1.514993       -1.195382  NaN  42.753623 30.883721 48.327268   60.349620  -334303100 309.059750
2024-07-29 286.04 169725880 309.925882 309.925882 309.925882 307.948828 307.765472 307.502820  -0.668218     1.078350       -1.746569  NaN  39.724824 17.376744 33.511678   53.779620  -504028980 307.704589
2024-08-05 281.44 238964660 308.343333 308.343333 308.343333 306.909266 307.244175 307.243488  -1.735124     0.515655       -2.250780  NaN  38.018304 11.342258 19.923041   43.030861  -742993640 305.694274
2024-08-12 274.60 128444300 306.567368 306.567368 306.567368 305.642236 306.597756 306.918677  -2.963487    -0.180173       -2.783314  NaN  35.735604  0.498842 16.931941   34.100324  -871437940 304.465575
2024-08-19 259.50 284656520 304.214000 304.214000 304.214000 303.832737 305.665127 306.446850  -4.680177    -1.080174       -3.600003  NaN  31.553248  5.261050 13.072523   26.353290 -1156094460 300.844870
2024-08-26 254.45 211108130 301.844286 301.844286 301.844286 301.896159 304.650966 305.929468  -6.399239    -2.143987       -4.255252  NaN  30.364735  0.588620  7.013503   18.090537 -1367202590 298.230441
2024-09-02 254.77 393941030 299.704545 299.704545 299.704545 300.048074 303.663224 305.420419  -7.888253    -3.292840       -4.595413  NaN  30.530545 16.320212  6.802196   12.748641  -973261560 294.095172
2024-09-09 258.25 319898920 297.902174 297.902174 297.902174 298.408934 302.763953 304.951061  -9.035559    -4.441384       -4.594175  NaN  32.146232 20.168067  8.567358   10.477504  -653362640 291.524192
2024-09-16 269.08 228035610 296.701250 296.701250 296.701250 297.258780 302.096944 304.594135  -9.566251    -5.466357       -4.099894  NaN  36.411933 32.142857 14.896161   10.070348  -425327030 290.432484
2024-09-23 268.07 180962830 295.556000 295.556000 295.556000 296.114122 301.423143 304.230711 -10.049871    -6.383060       -3.666811  NaN  36.521383 31.026095 20.049170   11.465678  -606289860 289.601370
2024-09-30 264.09 223691590 294.345769 294.345769 294.345769 294.858274 300.683873 303.831301 -10.615884    -7.229625       -3.386259  NaN  32.894737 26.625387 25.256524   15.114282  -829981450 288.480829
2024-10-07 256.94 112651540 292.960370 292.960370 292.960370 293.371283 299.817657 303.364721 -11.387107    -8.061121       -3.325985  NaN  26.663378 18.719593 25.736400   18.901123  -942632990 287.798251
2024-10-14 257.19 185338350 291.682857 291.682857 291.682857 291.952409 298.973545 302.905271 -12.024915    -8.853880       -3.171035  NaN  27.205830 18.996019 25.501990   22.288049  -757294640 286.745920
2024-10-21 246.35 178309610 290.119655 290.119655 290.119655 290.164079 297.931495 302.342532 -13.011397    -9.685383       -3.326014  NaN  26.644277  7.010172 20.475453   23.403907  -935604250 285.452535
2024-10-28 238.97 279442760 288.414667 288.414667 288.414667 288.156468 296.763941 301.711959 -14.157343   -10.579775       -3.577567  NaN  21.803359  4.589070 15.188048   22.431683 -1215047010 283.231601
2024-11-04 255.98 209649030 287.368387 287.368387 287.368387 286.894646 295.956338 301.256915 -14.410177   -11.345855       -3.064321  NaN  30.193161 22.329996 14.328970   20.246172 -1005397980 282.288534
2024-11-11 253.43 246528260 286.307813 286.307813 286.307813 285.582307 295.114232 300.781025 -14.698277   -12.016340       -2.681938  NaN  30.703706 19.670421 14.519136   18.002720 -1251926240 281.160100
2024-11-18 236.00 318149410 284.783333 284.783333 284.783333 283.637903 293.943653 300.136438 -15.645620   -12.742196       -2.903424  NaN  21.820318  2.073613 11.134655   15.129252 -1570075650 278.990696
2024-11-25 236.49 423867020 283.362941 283.362941 283.362941 281.788965 292.805957 299.503140 -16.416345   -13.477026       -2.939319  NaN  22.352721 15.973762 12.927372   13.619636 -1146208630 276.434241
2024-12-02 237.84 330967720 282.062286 282.062286 282.062286 280.065476 291.717522 298.889577 -16.992039   -14.180028       -2.812011  NaN  28.865739 23.069307 16.623420   13.906711  -815240910 274.702881
2024-12-09 228.70 281444000 280.580000 280.580000 280.580000 278.051144 290.469651 298.191173 -17.836689   -14.911361       -2.925329  NaN  27.410306 11.757426 14.508906   13.942698 -1096684910 273.012451
2024-12-16 257.60 517782820 279.958919 279.958919 279.958919 277.249138 289.818766 297.787281 -17.309163   -15.390921       -1.918242  NaN  38.910288 52.032520 20.981326   15.235136  -578902090 272.036497
2024-12-23 272.83 539980090 279.771316 279.771316 279.771316 277.075839 289.482355 297.538949 -16.146216   -15.541980       -0.604236  NaN  46.090096 80.987617 36.764126   20.361030   -38922000 272.085651
2024-12-30 272.25  95720620 279.578462 279.578462 279.578462 276.886590 289.141120 297.287318 -15.092449   -15.452074        0.359625  NaN  47.213632 80.992366 49.767847   27.729125  -134642620 272.087437
2025-01-06 278.77 179196510 279.558250 279.558250 279.558250 276.960450 288.935752 297.103066 -13.838442   -15.129347        1.290906  NaN  51.266784 97.320699 64.618126   37.328066    44553890 272.220612
2025-01-13 283.53 266832990 279.655122 279.655122 279.655122 277.218079 288.828707 296.968011 -12.485337   -14.600545        2.115208  NaN  57.789303 98.138825 81.894406   50.805166   311386880 272.546547
2025-01-20 280.74 226260400 279.680952 279.680952 279.680952 277.356193 288.668535 296.806538 -11.367682   -13.953973        2.586291  NaN  58.648595 91.809637 89.849829   64.578867    85126480 272.742000
2025-01-27 280.73 185582060 279.705349 279.705349 279.705349 277.488500 288.511336 296.646572 -10.344346   -13.232047        2.887701  NaN  58.557489 91.794719 92.011249   75.628291  -100455580 272.895294
2025-02-03 285.81 194420060 279.844091 279.844091 279.844091 277.814833 288.457844 296.538746  -9.192474   -12.424133        3.231659  NaN  58.990084 95.539300 94.920636   84.658849    93964480 273.149820
2025-02-10 309.87 558495840 280.511333 280.511333 280.511333 279.071898 288.881847 296.671395  -7.128114   -11.364929        4.236814  NaN  62.248514 91.107315 93.677959   90.470816   652460320 275.117321
2025-02-17 314.74 286203540 281.255435 281.255435 281.255435 280.470647 289.393890 296.851182  -5.073227   -10.106589        5.033361  NaN  63.696660 93.924499 92.835094   92.658954   938663860 276.176197
2025-02-24 307.44 278025770 281.812553 281.812553 281.812553 281.528269 289.751239 296.956544  -3.547283    -8.794727        5.247444  NaN  62.479129 86.747936 91.822754   93.053539   660638090 276.967281
2025-03-03 316.92 355225020 282.543958 282.543958 282.543958 282.916180 290.289234 297.155185  -1.785018    -7.392786        5.607768  NaN  67.037837 95.178728 92.499555   93.151200  1015863110 278.218482
2025-03-10 323.44 283665490 283.378571 283.378571 283.378571 284.505350 290.945685 297.416725   0.056037    -5.903021        5.959058  NaN  68.171595 99.942474 93.380190   92.843111  1299528600 279.321802
2025-03-17 323.26 242514140 284.176200 284.176200 284.176200 286.025140 291.585572 297.673872   1.678114    -4.386794        6.064908  NaN  72.405757 94.112327 93.981193   92.903757  1057014460 280.219569
2025-03-24 299.22 204872350 284.018600 284.471176 284.471176 286.542585 291.736749 297.689257   2.093016    -3.090832        5.183848  NaN  65.999256 72.370444 89.670382   92.270815   852142110 280.541971
2025-03-31 287.00 266173650 283.611000 284.519808 284.519808 286.560523 291.642952 297.582896   1.937535    -2.085159        4.022693  NaN  58.452316 61.318622 84.584519   90.823168   585968460 280.681270

Финансовые показатели МСФО:
                               Unnamed: 0    2008    2009    2010    2011       2012       2013       2014       2015       2016       2017       2018       2019       2020       2021       2022       2023       2024        LTM
                              Дата отчета     NaN     NaN     NaN     NaN 20.02.2025 20.02.2025 30.10.2020 20.02.2025 24.10.2019 17.04.2018 28.02.2019 27.02.2020 04.03.2021 02.03.2022 09.03.2023 28.02.2024 27.02.2025 27.02.2025
                            Валюта отчета     RUB     RUB     RUB     RUB        RUB        RUB        RUB        RUB        RUB        RUB        RUB        RUB        RUB        RUB        RUB        RUB        RUB        RUB
            Чистый операц доход, млрд руб     NaN     NaN     NaN   746.0      920.8      1 104      1 301      1 430      1 698      1 903      1 936      2 013      2 182      2 501      2 055      3 428      3 819      3 819
             Чист. проц. доходы, млрд руб     NaN     NaN   502.8   575.8      704.8      862.2      1 020      988.0      1 363      1 349      1 397      1 416      1 589      1 802      1 875      2 565      3 000      3 000
            Чист. комисс. доход, млрд руб     NaN     NaN   111.9   125.6      170.3      220.3      306.4      384.1      349.1      394.2      445.3      497.9      545.3      616.8      697.1      763.9      842.9      842.9
                   Доходы по цб, млрд руб     NaN     NaN    16.6    7.39      118.0      132.1      149.9      168.8      200.9        NaN        NaN        NaN       47.3       74.8     -517.2       99.6      -23.5      -23.5
                      Число клиентов, млн     NaN     NaN     NaN     NaN        NaN        NaN        NaN        NaN        NaN        NaN        NaN        NaN        NaN        NaN        NaN      108.5      109.9      109.9
           Операционная прибыль, млрд руб     NaN     NaN     NaN     NaN        NaN        NaN        NaN        NaN        NaN        NaN        NaN        NaN        NaN        NaN        NaN        NaN        NaN      1 587
                 Чистая прибыль, млрд руб    24.4    97.7   181.6   315.9      347.9      362.0      290.3      222.9      541.9      748.7      831.7      845.0      761.1      1 251      270.5      1 509      1 580      1 580
    Операционный денежный поток, млрд руб     NaN     NaN     NaN     NaN        NaN        NaN        NaN        NaN        NaN        NaN        NaN        NaN      663.9      797.5        NaN        NaN        NaN        NaN
                    Див.выплата, млрд руб     NaN     NaN     NaN    47.5       55.5       72.3       10.2       44.5      135.5      271.0      361.0      422.4      422.4      0.000      564.7      752.2        NaN        NaN
                      Дивиденд, руб/акцию    0,48    0,08    0,92    2,08       2,57        3,2       0,45       1,97          6         12         16       18,7       18,7          0         25       33,3        NaN        NaN
                         Див доход, ао, %    2.1%    0.1%    0.9%    2.6%       2.8%       3.2%       0.8%       1.9%       3.5%       5.3%       8.6%       7.3%       6.9%       0.0%      17.7%      12.3%       0.0%       0.0%
                   Дивиденд ап, руб/акцию    0,63    0,45    1,15    2,59        3,2        3,2       0,45       1,97          6         12         16       18,7       18,7          0         25       33,3        NaN        NaN
                         Див доход, ап, %    7.0%    0.7%    1.5%    4.4%       4.8%       4.0%       1.2%       2.6%       4.6%       6.3%       9.6%       8.2%       7.8%       0.0%      17.8%      12.2%       0.0%       0.0%
                     Дивиденды/прибыль, %      0%      0%      0%     15%        16%        20%         4%        20%        25%        36%        43%        50%        55%         0%       209%        50%         0%          0
                  Опер. расходы, млрд руб   221.7   229.3   265.9   348.3      451.4      514.6      565.1      623.4      677.6      672.8      664.8      724.6      738.5      858.6      822.0      924.4      1 063      1 063
               Расх на персонал, млрд руб   133.0   128.6   161.2   203.8      245.8      285.3      318.8      346.0      384.3      402.7      404.4      449.7      457.6      518.8      491.0      572.2      668.9      668.9
             Процентные расходы, млрд руб     NaN     NaN     NaN     NaN      452.5      616.4      818.2      1 292      1 036      782.6      791.8      980.5      787.5      929.1      1 714      1 836      4 368      4 368
              Создание резервов, млрд руб     NaN     NaN     NaN     NaN       21.5      133.5      357.0      473.0      342.4      287.3      160.2      155.6      484.0      144.7      450.1      235.4      442.8      442.8
        Списание. плох.кредитов, млрд руб     NaN     NaN     NaN     NaN       89.5      118.6      135.4      146.1      175.6      177.4        NaN        NaN        NaN        NaN        NaN        NaN        NaN        NaN
                     Наличность, млрд руб   804.0   726.0   719.6   625.6      1 291      1 327      2 309      2 334      2 561      2 329      2 099      2 083      2 377      2 409      1 393      2 387      2 252      2 252
                    Чистый долг, млрд руб  -804.0  -726.0  -719.6  -625.6     -1 291     -1 327     -2 309     -2 334     -2 561     -2 329     -2 099     -2 083     -2 377     -2 409     -1 393     -2 387     -2 252     -2 252
                   Активы банка, млрд руб     NaN     NaN   8 523  10 419     15 097     18 210     25 200     27 335     25 369     27 112     31 197     29 958     36 016     41 165     41 872     52 307     60 855     60 855
                        Капитал, млрд руб     NaN     NaN     NaN     NaN      1 624      1 881      2 020      2 373      2 733      3 436      3 856      4 478      5 045      5 639      5 815      6 584      7 174      7 174
             Кредитный портфель, млрд руб     NaN     NaN     NaN   8 382     11 064     13 544     18 626     19 924     18 665     19 891     21 082     21 749     28 009     28 518     29 373     37 558     40 921     40 921
                Кредиты юрлицам, млрд руб     NaN     NaN     NaN     NaN        NaN        NaN        NaN        NaN     13 633     14 175     14 331     13 865     15 355     17 056     17 554     20 557     23 716     23 716
               Кредиты физлицам, млрд руб     NaN     NaN     NaN     NaN        NaN        NaN        NaN        NaN      5 032      5 717      6 751      7 884      9 102     11 462     12 430     15 359     17 206     17 206
                       Депозиты, млрд руб     NaN     NaN     NaN     NaN        NaN        NaN        NaN        NaN     18 685     19 814     20 897     21 574     25 766     28 312     29 876     36 693     44 623     44 623
                 Депозиты юрлиц, млрд руб     NaN     NaN     NaN     NaN        NaN        NaN        NaN        NaN      6 235      6 394      7 402      7 365      9 125     10 458     11 377     13 789     16 801     16 801
                Депозиты физлиц, млрд руб     NaN     NaN     NaN     NaN        NaN        NaN        NaN        NaN     12 450     13 420     13 495     14 210     16 641     17 855     18 499     22 904     27 822     27 822
      Резервы под обесценивание, млрд руб     NaN     NaN     NaN     NaN      565.0      610.0      870.0      1 197      1 303      1 403      1 539        NaN        NaN        NaN        NaN        NaN        NaN        NaN
           Неработающие кредиты, млрд руб     NaN     NaN     NaN     NaN      351.0      397.0      600.0      993.0      828.4      836.0      1 255        NaN        NaN        NaN        NaN        NaN        NaN        NaN
                     Дост.осн капитала, %     NaN     NaN     NaN     NaN      10.4%      10.6%      8.60%      8.90%        NaN      11.4%      11.9%      13.4%      13.8%      14.0%      15.1%      13.8%      12.9%      12.9%
                    Дост. общ капитала, %     NaN     NaN     NaN     NaN      13.7%      13.4%      12.1%      12.6%        NaN      13.0%      12.4%      13.6%      14.7%      14.9%      15.6%      14.0%      12.8%      12.8%
                       Стоимость риска, %     NaN     NaN     NaN     NaN        NaN        NaN        NaN        NaN        NaN      1.49%      1.15%      1.10%      2.03%     0.560%      1.90%     0.800%     1.000%     0.900%
                  Расходы/Доходы (CIR), %     NaN     NaN     NaN     NaN        NaN        NaN        NaN        NaN        NaN        NaN        NaN        NaN        NaN        NaN        NaN        NaN        NaN      28.9%
                 Loan-to-deposit ratio, %     NaN     NaN     NaN     NaN        NaN        NaN        NaN        NaN       100%       100%       101%       101%       109%       101%        98%       102%        92%        92%
             Просроченные кредиты, NPL, %     NaN     NaN     NaN     NaN      3.20%      2.90%      3.20%      5.00%      4.40%      4.50%      3.80%      4.30%      4.30%      2.90%        NaN      3.40%        NaN        NaN
                       Цена акции ао, руб    22.8    82.9   104.2    79.4       92.9      101.2       54.9      101.3      173.3      225.0      186.3      254.8      271.0      293.1      141.3      271.5      279.2      286.2
                      Число акций ао, млн  21 587  21 587  21 587  21 587     21 587     21 587     21 587     21 587     21 587     21 587     21 587     21 587     21 587     21 587     21 587     21 587     21 587     21 587
                       Цена акции ап, руб    9.06    69.0    75.1    59.2       67.3       80.2       37.7       76.5      129.8      189.0      166.2      228.3      240.7      278.5      140.3      272.5      279.4      284.9
                      Число акций ап, млн   1 000   1 000   1 000   1 000      1 000      1 000      1 000      1 000      1 000      1 000      1 000      1 000      1 000      1 000      1 000      1 000      1 000      1 000
                  Капитализация, млрд руб   501.0   1 859   2 324   1 773      2 074      2 264      1 223      2 263      3 870      5 046      4 188      5 728      6 091      6 606      3 189      6 132      6 305      6 463
                             EV, млрд руб  -303.0   1 133   1 604   1 148      782.8      937.2     -1 086      -70.3      1 309      2 717      2 089      3 645      3 714      4 197      1 797      3 745      4 053      4 211
                                 EPS, руб    1.13    4.53    8.41    14.6       16.1       16.8       13.4       10.3       25.1       34.7       38.5       39.1       35.3       57.9       12.5       69.9       73.2       73.2
                                   ROE, %   14.1%    3.2%   20.6%   28.0%      24.2%      20.8%      14.8%      10.2%      20.8%      24.2%      23.1%      22.2%      16.1%      24.2%       5.2%      25.3%      24.0%        NaN
                                   ROA, %    1.7%    0.4%    2.3%    3.2%       2.7%       2.2%       1.4%       0.9%       2.1%       2.9%       3.2%       3.1%       2.3%       3.1%       0.7%       3.2%       2.8%        NaN
               Чистая процентная маржа, %     NaN     NaN     NaN     NaN      6.10%      5.90%      5.60%      4.40%      5.70%      6.00%      5.70%      5.16%      5.47%      5.44%      5.31%      5.98%      6.00%      5.86%
                  Рентабельность банка, %     NaN     NaN     NaN   42.3%      37.8%      32.8%      22.3%      15.6%      31.9%      39.3%      43.0%      42.0%      34.9%      50.0%      13.2%      44.0%      41.4%      41.4%
                                      P/E    20.5    19.0    12.8    5.61       5.96       6.25       4.21       10.2       7.14       6.74       5.04       6.78       8.00       5.28       11.8       4.06       3.99       4.09
                                      P/B     NaN     NaN     NaN     NaN       1.28       1.20       0.61       0.95       1.42       1.47       1.09       1.28       1.21       1.17       0.55       0.93       0.88       0.90
                            Персонал, чел 269 100 249 800 240 900 241 000    286 000    306 100    329 600    330 700    319 200    310 300    293 800    281 300    285 600    287 866    210 700    296 585    308 092    308 092
Производительность труда, млн руб/чел/год    0.00    0.00    0.00    3.10       3.22       3.61       3.95       4.32       5.32       6.13       6.59       7.16       7.64       8.69       9.75       11.6       12.4       12.4
                   Расходы/чел/год, тыс.р   494.2   514.8   669.2   845.6      859.4      932.0      967.2      1 046      1 204      1 298      1 376      1 599      1 602      1 802      2 330      1 929      2 171      2 171
                               IR рейтинг     NaN     NaN     NaN     NaN        NaN        NaN        NaN        NaN        NaN        NaN        NaN        NaN        NaN        NaN        4.6        4.6        4.6        4.6
                  Качество фин.отчетности     NaN     NaN     NaN     NaN        NaN        NaN        NaN        NaN        NaN        NaN        NaN        NaN        NaN        NaN          5          5          5          5
               Презентации для инвесторов     NaN     NaN     NaN     NaN        NaN        NaN        NaN        NaN        NaN        NaN        NaN        NaN        NaN        NaN          5          5          5          5
                 Присутствие на смартлабе     NaN     NaN     NaN     NaN        NaN        NaN        NaN        NaN        NaN        NaN        NaN        NaN        NaN        NaN          2          2          2          2
                            Годовой отчет     NaN     NaN     NaN     NaN        NaN        NaN        NaN        NaN        NaN        NaN        NaN        NaN        NaN        NaN          5          5          5          5
                      Сайт для инвесторов     NaN     NaN     NaN     NaN        NaN        NaN        NaN        NaN        NaN        NaN        NaN        NaN        NaN        NaN          5          5          5          5
                     Календарь инвесторов     NaN     NaN     NaN     NaN        NaN        NaN        NaN        NaN        NaN        NaN        NaN        NaN        NaN        NaN          5          5          5          5
                           Обратная связь     NaN     NaN     NaN     NaN        NaN        NaN        NaN        NaN        NaN        NaN        NaN        NaN        NaN        NaN          5          5          5          5

Финансовые показатели РСБУ (если доступны):
                               Unnamed: 0       2017       2018       2019       2020       2021       2022       2023       2024
                              Дата отчета 15.01.2019 15.01.2019 15.01.2020 15.01.2021 13.03.2023 13.03.2023 14.03.2024 17.01.2025
                            Валюта отчета        RUB        RUB        RUB        RUB        RUB        RUB        RUB        RUB
             Чист. проц. доходы, млрд руб      1 213      1 253      1 261      1 441      1 703      1 800      2 438      2 623
            Чист. комисс. доход, млрд руб        NaN        NaN      470.0      509.0      584.2      618.1      774.0      746.4
                   Доходы по цб, млрд руб       66.0      100.0       54.0      196.0      313.3      410.7      541.6        NaN
                      Число клиентов, млн        NaN        NaN        NaN        NaN        NaN        NaN      108.5      109.9
                 Чистая прибыль, млрд руб      654.0      811.0      847.0      782.0       1.22      295.8      1 481      1 562
                    Див.выплата, млрд руб      271.0      361.0      422.4      422.4      0.000      564.7      752.2        NaN
                      Дивиденд, руб/акцию         12         16       18,7       18,7          0         25       33,3        NaN
                         Див доход, ао, %       5.3%       8.6%       7.3%       6.9%       0.0%      17.7%      12.3%       0.0%
                   Дивиденд ап, руб/акцию         12         16       18,7       18,7          0         25       33,3        NaN
                         Див доход, ап, %       6.3%       9.6%       8.2%       7.8%       0.0%      17.8%      12.2%       0.0%
                     Дивиденды/прибыль, %        41%        45%        50%        54%         0%       191%        51%         0%
                    Чистый долг, млрд руб       0.00       0.00       0.00       0.00       0.00       0.00       0.00       0.00
                   Активы банка, млрд руб     23 287     27 033     27 706     33 146     37 799     40 348     50 308     58 308
                        Капитал, млрд руб      3 668      4 260      4 566      4 758      5 349      5 585      6 482      6 941
             Кредитный портфель, млрд руб        NaN        NaN        NaN        NaN        NaN        NaN        NaN     45 262
                Кредиты юрлицам, млрд руб     11 991     13 571     13 330     15 471        NaN        NaN        NaN     27 756
               Кредиты физлицам, млрд руб      4 925      6 170      7 244      8 474        NaN        NaN        NaN     17 506
                       Депозиты, млрд руб        NaN        NaN     20 275     23 511     27 617     31 089     38 965     40 744
                 Депозиты юрлиц, млрд руб      5 643      6 982      6 650      7 800     10 272     12 456     16 168     13 152
                Депозиты физлиц, млрд руб     12 125     13 039     13 625     15 711     17 345     18 633     23 066     27 592
      Резервы под обесценивание, млрд руб        NaN      1 218      1 207      1 572        NaN        NaN        NaN        NaN
                     Дост.осн капитала, %        NaN      11.1%      10.7%      11.2%        NaN        NaN        NaN        NaN
                    Дост. общ капитала, %        NaN      11.1%      14.5%      14.9%        NaN        NaN        NaN        NaN
                 Loan-to-deposit ratio, %        NaN        NaN         0%         0%         0%         0%         0%       111%
                       Цена акции ао, руб      225.0      186.3      254.8      271.0      293.1      141.3      271.5      279.2
                      Число акций ао, млн     21 587     21 587     21 587     21 587     21 587     21 587     21 587     21 587
                       Цена акции ап, руб      189.0      166.2      228.3      240.7      278.5      140.3      272.5      279.4
                      Число акций ап, млн      1 000      1 000      1 000      1 000      1 000      1 000      1 000      1 000
                  Капитализация, млрд руб      5 046      4 188      5 728      6 091      6 606      3 189      6 132      6 305
                             EV, млрд руб      5 046      4 188      5 728      6 091      6 606      3 189      6 132      6 305
                                 EPS, руб       30.3       37.6       39.2       36.2       0.06       13.7       68.6       72.4
                                   ROE, %        NaN      21.8%      21.1%      16.5%        NaN        NaN        NaN        NaN
                                   ROA, %        NaN       3.2%       3.2%       2.6%        NaN        NaN        NaN        NaN
                                      P/E       7.72       5.16       6.76       7.79      5 414       10.8       4.14       4.04
                                      P/B       1.38       0.98       1.25       1.28       1.23       0.57       0.95       0.91
                            Персонал, чел    310 300    293 800    281 300    285 600    287 866    210 700    296 585    308 092
Производительность труда, млн руб/чел/год       0.00       0.00       0.00       0.00       0.00       0.00       0.00       0.00
                   Расходы/чел/год, тыс.р       0.00       0.00       0.00       0.00       0.00       0.00       0.00       0.00
                               IR рейтинг        NaN        NaN        NaN        NaN        NaN        4.6        4.6        4.6
                  Качество фин.отчетности        NaN        NaN        NaN        NaN        NaN          5          5          5
               Презентации для инвесторов        NaN        NaN        NaN        NaN        NaN          5          5          5
                 Присутствие на смартлабе        NaN        NaN        NaN        NaN        NaN          2          2          2
                            Годовой отчет        NaN        NaN        NaN        NaN        NaN          5          5          5
                      Сайт для инвесторов        NaN        NaN        NaN        NaN        NaN          5          5          5
                     Календарь инвесторов        NaN        NaN        NaN        NaN        NaN          5          5          5
                           Обратная связь        NaN        NaN        NaN        NaN        NaN          5          5          5

Помесячные макроэкономические данные России (за 2024-2025):
      Дата Инфляция (CPI, %, год к году) Ключевая ставка (%) Уровень безработицы (%) Обменный курс USD/RUB (ср. за месяц)
2024-01-01                           7.5                16.0                     2.8                                 88.9
2024-02-01                           7.7                16.0                     2.7                                 90.7
2024-03-01                           7.7                16.0                     2.7                                 91.8
2024-04-01                           7.8                16.0                     2.6                                 92.5
2024-05-01                           8.1                16.0                     2.6                                 91.6
2024-06-01                           8.3                18.0                     2.5                                 88.8
2024-07-01                           8.5                18.0                     2.5                                 86.6
2024-08-01                           8.6                19.0                     2.5                                 91.5
2024-09-01                           8.5                19.0                     2.5                                 92.5
2024-10-01                           8.8                19.0                     2.5                                 95.5
2024-11-01                           9.1                19.0                     2.5                                 97.5
2024-12-01                           9.5                21.0                     2.4                                104.2
2025-01-01                           9.9                21.0                     2.3                                 98.0
2025-02-01                          10.1                21.0                     2.4                                 91.0
2025-03-01                           9.9                21.0                     2.5                                 85.0

Годовые макроэкономические данные России (за 2024-2025):
 Год Рост ВВП (%) Инфляция (CPI, %, дек к дек) Уровень безработицы (%) Ключевая ставка (%) Торговый баланс (млрд USD) Бюджетный дефицит (% ВВП)  MOEX (конец года) Обменный курс USD/RUB (ср. за год)  Индекс доверия потребителей (%)
2024          3.6                          9.5                     2.4                21.0                       70.0                       1.7               3500                              104.2                               45
2025          1.5                          7.5                     2.4                21.0                       70.0                       0.6               4000                               90.0                               50

Индикаторы:
- SMA: 50, 100, 200
- EMA: 50, 100, 200
- MACD: (24, 52, 9)
- ADX: 20
- RSI: 21
- Stochastic: (21, 5, 5)
- OBV, VWAP

Задача:
1. Проанализируй исторические данные и индикаторы:
   - Оцени тренд (ADX), перекупленность/перепроданность (RSI, Stochastic), импульс (MACD).
   - Учти потоки капитала (OBV) и справедливую цену (VWAP).
2. Сравни динамику цены и индикаторов с ключевыми финансовыми показателями (Чистая прибыль, Активы, EV/EBITDA).
3. Учти макроэкономические факторы (Инфляция, Ключевая ставка, Обменный курс USD/RUB).
4. Сформируй прогноз движения цены на 1-3 месяца:
   - Укажи направление (рост, падение, боковик).
   - Дай вероятность (в %) для основного сценария.
   - Предложи ключевые уровни поддержки и сопротивления.
5. Дай рекомендацию по действиям с акцией на основе всех данных (исторических, финансовых, макроэкономических): 
   - Выбери одно из: Активно продавать, Продавать, Держать, Покупать, Активно покупать.
6. Дай отдельную рекомендацию по действиям с акцией на основе наиболее важных индикаторов (ADX, RSI, MACD, Stochastic), обосновав выбор.
7. Верни результат в формате:
   - "Прогноз: [направление] (вероятность X%)"
   - "Поддержка: [уровень], Сопротивление: [уровень]"
   - "Рекомендация (все данные): [действие]"
   - "Рекомендация (индикаторы): [действие] — [обоснование]"
   - "Комментарий: [краткое обоснование с учётом индикаторов, финансов и макроэкономики]"
   Раздели строки переносом.

Правила:
- Опирайся только на предоставленные данные.
- Ограничь ответ 500 токенов, но входной промпт может быть до 50,000 токенов для поддержки размышлений.
