
Ты финансовый аналитик, эксперт в краткосрочных прогнозах (1-3 месяца). Используй предоставленные данные акции (тикер: SBER) за последний год (таймфрейм: weekly), финансовые показатели МСФО и макроэкономические данные России для прогнозирования цены акции.

**Данные:**
- **Исторические данные и индикаторы (последние 50 недель):**  
      date  close    volume     SMA_50    SMA_100    SMA_200     EMA_50    EMA_100    EMA_200       MACD  MACD_signal  MACD_histogram       ADX     RSI_21   Stoch_K   Stoch_D  Stoch_Slow         OBV       VWAP
2024-05-13 323.16 137557410 314.726667 314.726667 314.726667 308.367501 307.955188 307.744236   0.882826     0.216868        0.665958  0.000000 100.000000 98.225470 86.254229   75.723075   223974820 316.825328
2024-05-20 321.00 133868280 316.295000 316.295000 316.295000 308.862893 308.213501 307.876134   1.347423     0.442979        0.904444  0.000000  87.858347 81.228669 84.997839   78.041766    90106540 318.154106
2024-05-27 313.11 175101850 315.658000 315.658000 315.658000 309.029446 308.310461 307.928212   1.421192     0.638622        0.782570  0.000000  60.864486 42.759629 76.550197   77.743452   -84995310 316.671379
2024-06-03 319.90 195536300 316.365000 316.365000 316.365000 309.455743 308.539957 308.047334   1.769181     0.864734        0.904447  0.000000  69.048352 75.865431 79.594006   81.532976   110540990 317.469279
2024-06-10 319.35 109180070 316.791429 316.791429 316.791429 309.843753 308.754017 308.159799   2.048663     1.101520        0.947144  0.000000  67.898243 73.442781 74.304396   80.340133     1360920 317.697331
2024-06-17 314.14 181590490 316.460000 316.460000 316.460000 310.012233 308.860670 308.219303   2.069704     1.295156        0.774547  0.000000  58.645043 48.285852 64.316473   75.952582  -180229570 317.100303
2024-06-24 327.15 185299540 317.647778 317.647778 317.647778 310.684302 309.222835 308.407668   2.631939     1.562513        1.069426  0.000000  69.145199 91.454690 66.361677   72.225350     5069970 318.569744
2024-07-01 325.00 166221980 318.383000 318.383000 318.383000 311.245702 309.535254 308.572766   3.030863     1.856183        1.174680  0.000000  66.360742 79.285443 73.666840   71.648678  -161152010 319.315362
2024-07-08 292.21 388499030 316.003636 316.003636 316.003636 310.499204 309.192180 308.409953   1.989032     1.882753        0.106279  0.000000  41.111627 15.454344 61.584622   68.046801  -549651040 313.535801
2024-07-15 289.90 249545510 313.828333 313.828333 313.828333 309.691392 308.810157 308.225774   0.963082     1.698818       -0.735737  0.000000  40.038422 24.558140 51.807694   63.547461  -799196550 310.688563
2024-07-22 293.30 187921730 312.249231 312.249231 312.249231 309.048592 308.503025 308.077259   0.195616     1.398178       -1.202562  0.000000  42.257046 30.883721 48.327268   60.349620  -611274820 309.242347
2024-07-29 286.04 169725880 310.377143 310.377143 310.377143 308.146295 308.058213 307.857983  -0.791236     0.960295       -1.751531  0.000000  39.162885 17.376744 33.511678   53.779620  -781000700 307.621222
2024-08-05 281.44 238964660 308.448000 308.448000 308.448000 307.098989 307.531119 307.595117  -1.856906     0.396855       -2.253761  0.000000  37.426506 11.342258 19.923041   43.030861 -1019965360 305.276395
2024-08-12 274.60 128444300 306.332500 306.332500 306.332500 305.824519 306.879018 307.266808  -3.083807    -0.299277       -2.784529  0.000000  35.111674  0.498842 16.931941   34.100324 -1148409660 303.867473
2024-08-19 259.50 284656520 303.577647 303.577647 303.577647 304.007871 305.940819 306.791516  -4.798840    -1.199190       -3.599650  0.000000  30.893468  5.261050 13.072523   26.353290 -1433066180 299.768675
2024-08-26 254.45 211108130 300.848333 300.848333 300.848333 302.064425 304.921199 306.270705  -6.516077    -2.262567       -4.253510  0.000000  29.700168  0.588620  7.013503   18.090537 -1644174310 296.862827
2024-09-02 254.77 393941030 298.423158 298.423158 298.423158 300.209742 303.928106 305.758260  -8.003122    -3.410678       -4.592444  0.000000  29.871814 16.320212  6.802196   12.748641 -1250233280 292.364544
2024-09-09 258.25 319898920 296.414500 296.414500 296.414500 298.564262 303.023589 305.285541  -9.148338    -4.558210       -4.590128  0.000000  31.685744 20.168067  8.567358   10.477504  -930334360 289.640475
2024-09-16 269.08 228035610 295.112857 295.112857 295.112857 297.408016 302.351439 304.925287  -9.676840    -5.581936       -4.094904  0.000000  36.775126 32.142857 14.896161   10.070348  -702298750 288.533191
2024-09-23 268.07 180962830 293.883636 293.883636 293.883636 296.257506 301.672599 304.558568 -10.158187    -6.497186       -3.661001  0.000000  36.521383 31.026095 20.049170   11.465678  -883261580 287.694482
2024-09-30 264.09 223691590 292.588261 292.588261 292.588261 294.996035 300.928389 304.155895 -10.721861    -7.342121       -3.379740  0.000000  32.894737 26.625387 25.256524   15.114282 -1106953170 286.556256
2024-10-07 256.94 112651540 291.102917 291.102917 291.102917 293.503641 300.057332 303.686085 -11.490693    -8.171835       -3.318857  0.000000  26.663378 18.719593 25.736400   18.901123 -1219604710 285.854103
2024-10-14 257.19 185338350 289.746400 289.746400 289.746400 292.079577 299.208474 303.223438 -12.126071    -8.962683       -3.163389  0.000000  27.205830 18.996019 25.501990   22.288049 -1034266360 284.778010
2024-10-21 246.35 178309610 288.077308 288.077308 288.077308 290.286260 298.161771 302.657533 -13.110098    -9.792166       -3.317932  0.000000  26.644277  7.010172 20.475453   23.403907 -1212575970 283.438458
2024-10-28 238.97 279442760 286.258519 286.258519 286.258519 288.273858 296.989657 302.023826 -14.253571   -10.684447       -3.569124  0.000000  21.803359  4.589070 15.188048   22.431683 -1492018730 281.134992
2024-11-04 255.98 209649030 285.177143 285.177143 285.177143 287.007432 296.177584 301.565679 -14.503926   -11.448343       -3.055584  0.000000  30.193161 22.329996 14.328970   20.246172 -1282369700 280.193978
2024-11-11 253.43 246528260 284.082414 284.082414 284.082414 285.690670 295.331098 301.086717 -14.789549   -12.116584       -2.672965  0.000000  30.703706 19.670421 14.519136   18.002720 -1528897960 279.066261
2024-11-18 236.00 318149410 282.479667 282.479667 282.479667 283.742016 294.156224 300.439088 -15.734423   -12.840152       -2.894271  0.000000  21.820318  2.073613 11.134655   15.129252 -1847047370 276.845226
2024-11-25 236.49 423867020 280.996129 280.996129 280.996129 281.888996 293.014319 299.802778 -16.502694   -13.572660       -2.930034  0.000000  22.352721 15.973762 12.927372   13.619636 -1423180350 274.250707
2024-12-02 237.84 330967720 279.647500 279.647500 279.647500 280.161584 291.921758 299.186233 -17.075955   -14.273319       -2.802636  0.000000  28.865739 23.069307 16.623420   13.906711 -1092212630 272.510224
2024-12-09 228.70 281444000 278.103636 278.103636 278.103636 278.143483 290.669842 298.484878 -17.918198   -15.002295       -2.915903  0.000000  27.410306 11.757426 14.508906   13.942698 -1373656630 270.798956
2024-12-16 257.60 517782820 277.500588 277.500588 277.500588 277.337856 290.014994 298.078063 -17.388295   -15.479495       -1.908800  0.000000  38.910288 52.032520 20.981326   15.235136  -855873810 269.914045
2024-12-23 272.83 539980090 277.367143 277.367143 277.367143 277.161078 289.674697 297.826838 -16.223004   -15.628197       -0.594807  0.000000  46.090096 80.987617 36.764126   20.361030  -315893720 270.104600
2024-12-30 272.25  95720620 277.225000 277.225000 277.225000 276.968486 289.329653 297.572343 -15.166930   -15.535944        0.369013  0.000000  47.213632 80.992366 49.767847   27.729125  -411614340 270.129168
2025-01-06 278.77 179196510 277.266757 277.266757 277.266757 277.039134 289.120551 297.385255 -13.910657   -15.210886        1.300229  0.000000  51.266784 97.320699 64.618126   37.328066  -232417830 270.310525
2025-01-13 283.53 266832990 277.431579 277.431579 277.431579 277.293678 289.009847 297.247391 -12.555328   -14.679775        2.124447  0.000000  57.789303 98.138825 81.894406   50.805166    34415160 270.711148
2025-01-20 280.74 226260400 277.516410 277.516410 277.516410 277.428828 288.846088 297.083139 -11.435492   -14.030918        2.595426  0.000000  58.648595 91.809637 89.849829   64.578867  -191845240 270.962407
2025-01-27 280.73 185582060 277.596750 277.596750 277.596750 277.558285 288.685373 296.920421 -10.410021   -13.306739        2.896718 33.099173  58.557489 91.794719 92.011249   75.628291  -377427300 271.159084
2025-02-03 285.81 194420060 277.797073 277.797073 277.797073 277.881882 288.628435 296.809869  -9.256060   -12.496603        3.240543 31.716531  58.990084 95.539300 94.920636   84.658849  -183007240 271.461753
2025-02-10 309.87 558495840 278.560714 278.560714 278.560714 279.136318 289.049060 296.939821  -7.189660   -11.435214        4.245554 30.829873  62.248514 91.107315 93.677959   90.470816   375488600 273.613395
2025-02-17 314.74 286203540 279.402093 279.402093 279.402093 280.532541 289.557792 297.116937  -5.132780   -10.174727        5.041948 30.048262  63.696660 93.924499 92.835094   92.658954   661692140 274.761103
2025-02-24 307.44 278025770 280.039318 280.039318 280.039318 281.587735 289.911895 297.219654  -3.604892    -8.860760        5.255868 29.075647  62.479129 86.747936 91.822754   93.053539   383666370 275.623623
2025-03-03 316.92 355225020 280.858889 280.858889 280.858889 282.973314 290.446709 297.415678  -1.840732    -7.456755        5.616023 28.010060  67.037837 95.178728 92.499555   93.151200   738891390 276.970812
2025-03-10 323.44 283665490 281.784565 281.784565 281.784565 284.560243 291.100041 297.674626   0.002168    -5.964970        5.967138 27.049790  68.171595 99.942474 93.380190   92.843111  1022556880 278.150632
2025-03-17 323.26 242514140 282.667021 282.667021 282.667021 286.077881 291.736872 297.929207   1.626042    -4.446768        6.072810 26.336754  72.405757 94.112327 93.981193   92.903757   780042740 279.108977
2025-03-24 299.22 204872350 283.011875 283.011875 283.011875 286.593258 291.885053 297.942051   2.042691    -3.148876        5.191567 25.194532  65.999256 72.370444 89.670382   92.270815   575170390 279.463553
2025-03-31 290.35 298844960 283.161633 283.161633 283.161633 286.740581 291.854656 297.866508   2.030494    -2.113002        4.143496 24.639757  59.539273 64.348377 85.190470   90.944358   276325430 279.736512
2025-04-07 301.49 408629150 283.528200 283.528200 283.528200 287.318990 292.045455 297.902562   2.484389    -1.193524        3.677913 24.225338  62.731800 74.423442 81.039413   88.652329   684954580 280.457591
2025-04-14 300.01 172858880 283.377800 283.851373 283.851373 287.816676 292.203169 297.923532   2.816163    -0.391586        3.207750 23.720130  68.522484 73.084924 75.667903   85.109872   512095700 280.727968
2025-04-21 318.04 259601110 283.468800 284.508846 284.508846 289.001905 292.714789 298.123696   3.863398     0.459411        3.403988 22.723778  71.423317 89.032258 74.651889   81.244011   771696810 281.487080
- **Финансовые показатели МСФО:**  
                               Unnamed: 0    2008    2009    2010    2011       2012       2013       2014       2015       2016       2017       2018       2019       2020       2021       2022       2023       2024        LTM
                              Дата отчета     NaN     NaN     NaN     NaN 20.02.2025 20.02.2025 30.10.2020 20.02.2025 24.10.2019 17.04.2018 28.02.2019 27.02.2020 04.03.2021 02.03.2022 09.03.2023 28.02.2024 27.02.2025 27.02.2025
                            Валюта отчета     RUB     RUB     RUB     RUB        RUB        RUB        RUB        RUB        RUB        RUB        RUB        RUB        RUB        RUB        RUB        RUB        RUB        RUB
            Чистый операц доход, млрд руб     NaN     NaN     NaN   746.0      920.8      1 104      1 301      1 430      1 698      1 903      1 936      2 013      2 182      2 501      2 055      3 428      3 819      3 819
             Чист. проц. доходы, млрд руб     NaN     NaN   502.8   575.8      704.8      862.2      1 020      988.0      1 363      1 349      1 397      1 416      1 589      1 802      1 875      2 565      3 000      3 000
            Чист. комисс. доход, млрд руб     NaN     NaN   111.9   125.6      170.3      220.3      306.4      384.1      349.1      394.2      445.3      497.9      545.3      616.8      697.1      763.9      842.9      842.9
                   Доходы по цб, млрд руб     NaN     NaN    16.6    7.39      118.0      132.1      149.9      168.8      200.9        NaN        NaN        NaN       47.3       74.8     -517.2       99.6      -23.5      -23.5
                      Число клиентов, млн     NaN     NaN     NaN     NaN        NaN        NaN        NaN        NaN        NaN        NaN        NaN        NaN        NaN        NaN        NaN      108.5      109.9      109.9
           Операционная прибыль, млрд руб     NaN     NaN     NaN     NaN        NaN        NaN        NaN        NaN        NaN        NaN        NaN        NaN        NaN        NaN        NaN        NaN        NaN      1 587
                 Чистая прибыль, млрд руб    24.4    97.7   181.6   315.9      347.9      362.0      290.3      222.9      541.9      748.7      831.7      845.0      761.1      1 251      270.5      1 509      1 580      1 580
    Операционный денежный поток, млрд руб     NaN     NaN     NaN     NaN        NaN        NaN        NaN        NaN        NaN        NaN        NaN        NaN      663.9      797.5        NaN        NaN        NaN        NaN
                    Див.выплата, млрд руб     NaN     NaN     NaN    47.5       55.5       72.3       10.2       44.5      135.5      271.0      361.0      422.4      422.4      0.000      564.7      752.2      786.9      786.9
                      Дивиденд, руб/акцию    0,48    0,08    0,92    2,08       2,57        3,2       0,45       1,97          6         12         16       18,7       18,7          0         25       33,3      34,84      34,84
                         Див доход, ао, %    2.1%    0.1%    0.9%    2.6%       2.8%       3.2%       0.8%       1.9%       3.5%       5.3%       8.6%       7.3%       6.9%       0.0%      17.7%      12.3%      12.5%      11.0%
                   Дивиденд ап, руб/акцию    0,63    0,45    1,15    2,59        3,2        3,2       0,45       1,97          6         12         16       18,7       18,7          0         25       33,3      34,84      34,84
                         Див доход, ап, %    7.0%    0.7%    1.5%    4.4%       4.8%       4.0%       1.2%       2.6%       4.6%       6.3%       9.6%       8.2%       7.8%       0.0%      17.8%      12.2%      12.5%      11.1%
                     Дивиденды/прибыль, %      0%      0%      0%     15%        16%        20%         4%        20%        25%        36%        43%        50%        55%         0%       209%        50%        50%        50%
                  Опер. расходы, млрд руб   221.7   229.3   265.9   348.3      451.4      514.6      565.1      623.4      677.6      672.8      664.8      724.6      738.5      858.6      822.0      924.4      1 063      1 063
               Расх на персонал, млрд руб   133.0   128.6   161.2   203.8      245.8      285.3      318.8      346.0      384.3      402.7      404.4      449.7      457.6      518.8      491.0      572.2      668.9      668.9
             Процентные расходы, млрд руб     NaN     NaN     NaN     NaN      452.5      616.4      818.2      1 292      1 036      782.6      791.8      980.5      787.5      929.1      1 714      1 836      4 368      4 368
              Создание резервов, млрд руб     NaN     NaN     NaN     NaN       21.5      133.5      357.0      473.0      342.4      287.3      160.2      155.6      484.0      144.7      450.1      235.4      442.8      442.8
        Списание. плох.кредитов, млрд руб     NaN     NaN     NaN     NaN       89.5      118.6      135.4      146.1      175.6      177.4        NaN        NaN        NaN        NaN        NaN        NaN        NaN        NaN
                     Наличность, млрд руб   804.0   726.0   719.6   625.6      1 291      1 327      2 309      2 334      2 561      2 329      2 099      2 083      2 377      2 409      1 393      2 387      2 252      2 252
                    Чистый долг, млрд руб  -804.0  -726.0  -719.6  -625.6     -1 291     -1 327     -2 309     -2 334     -2 561     -2 329     -2 099     -2 083     -2 377     -2 409     -1 393     -2 387     -2 252     -2 252
                   Активы банка, млрд руб     NaN     NaN   8 523  10 419     15 097     18 210     25 200     27 335     25 369     27 112     31 197     29 958     36 016     41 165     41 872     52 307     60 855     60 855
                        Капитал, млрд руб     NaN     NaN     NaN     NaN      1 624      1 881      2 020      2 373      2 733      3 436      3 856      4 478      5 045      5 639      5 815      6 584      7 174      7 174
             Кредитный портфель, млрд руб     NaN     NaN     NaN   8 382     11 064     13 544     18 626     19 924     18 665     19 891     21 082     21 749     28 009     28 518     29 373     37 558     40 921     40 921
                Кредиты юрлицам, млрд руб     NaN     NaN     NaN     NaN        NaN        NaN        NaN        NaN     13 633     14 175     14 331     13 865     15 355     17 056     17 554     20 557     23 716     23 716
               Кредиты физлицам, млрд руб     NaN     NaN     NaN     NaN        NaN        NaN        NaN        NaN      5 032      5 717      6 751      7 884      9 102     11 462     12 430     15 359     17 206     17 206
                       Депозиты, млрд руб     NaN     NaN     NaN     NaN        NaN        NaN        NaN        NaN     18 685     19 814     20 897     21 574     25 766     28 312     29 876     36 693     44 623     44 623
                 Депозиты юрлиц, млрд руб     NaN     NaN     NaN     NaN        NaN        NaN        NaN        NaN      6 235      6 394      7 402      7 365      9 125     10 458     11 377     13 789     16 801     16 801
                Депозиты физлиц, млрд руб     NaN     NaN     NaN     NaN        NaN        NaN        NaN        NaN     12 450     13 420     13 495     14 210     16 641     17 855     18 499     22 904     27 822     27 822
      Резервы под обесценивание, млрд руб     NaN     NaN     NaN     NaN      565.0      610.0      870.0      1 197      1 303      1 403      1 539        NaN        NaN        NaN        NaN        NaN        NaN        NaN
           Неработающие кредиты, млрд руб     NaN     NaN     NaN     NaN      351.0      397.0      600.0      993.0      828.4      836.0      1 255        NaN        NaN        NaN        NaN        NaN        NaN        NaN
                     Дост.осн капитала, %     NaN     NaN     NaN     NaN      10.4%      10.6%      8.60%      8.90%        NaN      11.4%      11.9%      13.4%      13.8%      14.0%      15.1%      13.8%      12.9%      12.9%
                    Дост. общ капитала, %     NaN     NaN     NaN     NaN      13.7%      13.4%      12.1%      12.6%        NaN      13.0%      12.4%      13.6%      14.7%      14.9%      15.6%      14.0%      12.8%      12.8%
                       Стоимость риска, %     NaN     NaN     NaN     NaN        NaN        NaN        NaN        NaN        NaN      1.49%      1.15%      1.10%      2.03%     0.560%      1.90%     0.800%     1.000%     0.900%
                  Расходы/Доходы (CIR), %     NaN     NaN     NaN     NaN        NaN        NaN        NaN        NaN        NaN        NaN        NaN        NaN        NaN        NaN        NaN        NaN        NaN      28.9%
                 Loan-to-deposit ratio, %     NaN     NaN     NaN     NaN        NaN        NaN        NaN        NaN       100%       100%       101%       101%       109%       101%        98%       102%        92%        92%
             Просроченные кредиты, NPL, %     NaN     NaN     NaN     NaN      3.20%      2.90%      3.20%      5.00%      4.40%      4.50%      3.80%      4.30%      4.30%      2.90%        NaN      3.40%        NaN        NaN
                       Цена акции ао, руб    22.8    82.9   104.2    79.4       92.9      101.2       54.9      101.3      173.3      225.0      186.3      254.8      271.0      293.1      141.3      271.5      279.2      317.0
                      Число акций ао, млн  21 587  21 587  21 587  21 587     21 587     21 587     21 587     21 587     21 587     21 587     21 587     21 587     21 587     21 587     21 587     21 587     21 587     21 587
                       Цена акции ап, руб    9.06    69.0    75.1    59.2       67.3       80.2       37.7       76.5      129.8      189.0      166.2      228.3      240.7      278.5      140.3      272.5      279.4      313.4
                      Число акций ап, млн   1 000   1 000   1 000   1 000      1 000      1 000      1 000      1 000      1 000      1 000      1 000      1 000      1 000      1 000      1 000      1 000      1 000      1 000
                  Капитализация, млрд руб   501.0   1 859   2 324   1 773      2 074      2 264      1 223      2 263      3 870      5 046      4 188      5 728      6 091      6 606      3 189      6 132      6 305      7 156
                             EV, млрд руб  -303.0   1 133   1 604   1 148      782.8      937.2     -1 086      -70.3      1 309      2 717      2 089      3 645      3 714      4 197      1 797      3 745      4 053      4 904
                                 EPS, руб    1.13    4.53    8.41    14.6       16.1       16.8       13.4       10.3       25.1       34.7       38.5       39.1       35.3       57.9       12.5       69.9       73.2       73.2
                                   ROE, %   14.1%    3.2%   20.6%   28.0%      24.2%      20.8%      14.8%      10.2%      20.8%      24.2%      23.1%      22.2%      16.1%      24.2%       5.2%      25.3%      24.0%        NaN
                                   ROA, %    1.7%    0.4%    2.3%    3.2%       2.7%       2.2%       1.4%       0.9%       2.1%       2.9%       3.2%       3.1%       2.3%       3.1%       0.7%       3.2%       2.8%        NaN
               Чистая процентная маржа, %     NaN     NaN     NaN     NaN      6.10%      5.90%      5.60%      4.40%      5.70%      6.00%      5.70%      5.16%      5.47%      5.44%      5.31%      5.98%      6.00%      5.86%
                  Рентабельность банка, %     NaN     NaN     NaN   42.3%      37.8%      32.8%      22.3%      15.6%      31.9%      39.3%      43.0%      42.0%      34.9%      50.0%      13.2%      44.0%      41.4%      41.4%
                                      P/E    20.5    19.0    12.8    5.61       5.96       6.25       4.21       10.2       7.14       6.74       5.04       6.78       8.00       5.28       11.8       4.06       3.99       4.53
                                      P/B     NaN     NaN     NaN     NaN       1.28       1.20       0.61       0.95       1.42       1.47       1.09       1.28       1.21       1.17       0.55       0.93       0.88       1.00
                            Персонал, чел 269 100 249 800 240 900 241 000    286 000    306 100    329 600    330 700    319 200    310 300    293 800    281 300    285 600    287 866    210 700    296 585    308 092    308 092
Производительность труда, млн руб/чел/год    0.00    0.00    0.00    3.10       3.22       3.61       3.95       4.32       5.32       6.13       6.59       7.16       7.64       8.69       9.75       11.6       12.4       12.4
                   Расходы/чел/год, тыс.р   494.2   514.8   669.2   845.6      859.4      932.0      967.2      1 046      1 204      1 298      1 376      1 599      1 602      1 802      2 330      1 929      2 171      2 171
                               IR рейтинг     NaN     NaN     NaN     NaN        NaN        NaN        NaN        NaN        NaN        NaN        NaN        NaN        NaN        NaN        4.6        4.6        4.6        4.6
                  Качество фин.отчетности     NaN     NaN     NaN     NaN        NaN        NaN        NaN        NaN        NaN        NaN        NaN        NaN        NaN        NaN          5          5          5          5
               Презентации для инвесторов     NaN     NaN     NaN     NaN        NaN        NaN        NaN        NaN        NaN        NaN        NaN        NaN        NaN        NaN          5          5          5          5
                 Присутствие на смартлабе     NaN     NaN     NaN     NaN        NaN        NaN        NaN        NaN        NaN        NaN        NaN        NaN        NaN        NaN          2          2          2          2
                            Годовой отчет     NaN     NaN     NaN     NaN        NaN        NaN        NaN        NaN        NaN        NaN        NaN        NaN        NaN        NaN          5          5          5          5
                      Сайт для инвесторов     NaN     NaN     NaN     NaN        NaN        NaN        NaN        NaN        NaN        NaN        NaN        NaN        NaN        NaN          5          5          5          5
                     Календарь инвесторов     NaN     NaN     NaN     NaN        NaN        NaN        NaN        NaN        NaN        NaN        NaN        NaN        NaN        NaN          5          5          5          5
                           Обратная связь     NaN     NaN     NaN     NaN        NaN        NaN        NaN        NaN        NaN        NaN        NaN        NaN        NaN        NaN          5          5          5          5
- **Месячные макроэкономические данные России (2024-2025):**  
      Дата Инфляция (CPI, %, год к году) Ключевая ставка (%) Уровень безработицы (%) Обменный курс USD/RUB (ср. за месяц)
2024-01-01                           7.5                16.0                     2.8                                 88.9
2024-02-01                           7.7                16.0                     2.7                                 90.7
2024-03-01                           7.7                16.0                     2.7                                 91.8
2024-04-01                           7.8                16.0                     2.6                                 92.5
2024-05-01                           8.1                16.0                     2.6                                 91.6
2024-06-01                           8.3                18.0                     2.5                                 88.8
2024-07-01                           8.5                18.0                     2.5                                 86.6
2024-08-01                           8.6                19.0                     2.5                                 91.5
2024-09-01                           8.5                19.0                     2.5                                 92.5
2024-10-01                           8.8                19.0                     2.5                                 95.5
2024-11-01                           9.1                19.0                     2.5                                 97.5
2024-12-01                           9.5                21.0                     2.4                                104.2
2025-01-01                           9.9                21.0                     2.3                                 98.0
2025-02-01                          10.1                21.0                     2.4                                 91.0
2025-03-01                           9.9                21.0                     2.5                                 85.0
- **Годовые макроэкономические данные России (2024-2025):**  
 Год Рост ВВП (%) Инфляция (CPI, %, дек к дек) Уровень безработицы (%) Ключевая ставка (%) Торговый баланс (млрд USD) Бюджетный дефицит (% ВВП)  MOEX (конец года) Обменный курс USD/RUB (ср. за год)  Индекс доверия потребителей (%)
2024          3.6                          9.5                     2.4                21.0                       70.0                       1.7               3500                              104.2                               45
2025          1.5                          7.5                     2.4                21.0                       70.0                       0.6               4000                               90.0                               50

**Индикаторы:**
- SMA: 50, 100, 200
- EMA: 50, 100, 200
- MACD: (24, 52, 9)
- ADX: 20
- RSI: 21
- Stochastic: (21, 5, 5)
- OBV, VWAP

**Задача:**
1. Проанализируй тренд (ADX), импульс (MACD), перекупленность/перепроданность (RSI, Stochastic), потоки капитала (OBV) и справедливую цену (VWAP).
2. Сравни ценовую динамику с финансовыми показателями МСФО (Чистая прибыль, Активы, EV/EBITDA).
3. Учти макроэкономику: инфляция, ключевая ставка, курс USD/RUB.
4. Спрогнозируй движение цены на 1-3 месяца (рост, падение, боковик) с вероятностью основного сценария (%).
5. Определи уровни поддержки и сопротивления.
6. Дай рекомендацию по акции (Активно продавать, Продавать, Держать, Покупать, Активно покупать) на основе всех данных.
7. Дай рекомендацию на основе индикаторов (ADX, RSI, MACD, Stochastic) с обоснованием.

**Формат ответа:**
- Прогноз: [направление] (вероятность X%)
- Поддержка: [уровень], Сопротивление: [уровень]
- Рекомендация (все данные): [действие]
- Рекомендация (индикаторы): [действие] — [обоснование]
- Комментарий: [краткое обоснование с учётом индикаторов, МСФО и макроэкономики]

**Правила:**
- Используй только предоставленные данные.
- Ответ не более 500 токенов.
- Входной промпт до 50,000 токенов.
