
Ты финансовый аналитик, специализирующийся на краткосрочных прогнозах (1-3 месяца). Тебе предоставлены данные акции за последний год с таймфреймом 'weekly', финансовые показатели и макроэкономические данные России. Используй эти данные для формирования прогноза движения цены акции.

Исторические данные с индикаторами (последние 50 точек, таймфрейм 'weekly'):
      date  close   volume      SMA_50     SMA_100     SMA_200      EMA_50     EMA_100     EMA_200        MACD  MACD_signal  MACD_histogram  ADX    RSI_21   Stoch_K   Stoch_D  Stoch_Slow       OBV        VWAP
2024-05-13 7854.5  2982919 7881.166667 7881.166667 7881.166667 8053.193964 8064.097392 8069.734846  -22.838686    -7.015677      -15.823009  NaN 28.031809 46.672213 36.526832   35.892648  -2930100 7822.564273
2024-05-20 7720.0  3392275 7840.875000 7840.875000 7840.875000 8040.127534 8057.283583 8066.254897  -35.128472   -12.638236      -22.490236  NaN 22.117647 24.292845 33.468336   35.286570  -6322375 7798.505057
2024-05-27 7355.5  4109560 7743.800000 7743.800000 7743.800000 8013.279395 8043.386878 8059.182709  -61.307646   -22.372118      -38.935528  NaN 14.071856  6.235698 28.021808   33.833618 -10431935 7700.471834
2024-06-03 7489.0  4940448 7701.333333 7701.333333 7701.333333 7992.719419 8032.408920 8053.509249  -78.656280   -33.628950      -45.027330  NaN 24.174373 32.347140 26.551842   31.204592  -5491487 7656.035002
2024-06-10 7368.0  3498014 7653.714286 7653.714286 7653.714286 7968.220618 8019.252308 8046.688262  -98.891240   -46.681408      -52.209832  NaN 21.846399 35.543131 29.018205   30.717405  -8989501 7618.731122
2024-06-17 7084.0  8535306 7582.500000 7582.500000 7582.500000 7933.545300 8000.732460 8037.109274 -128.509386   -63.047004      -65.462383  NaN 17.818890 29.224781 25.528719   28.517782 -17524807 7490.326323
2024-06-24 7211.0  3266256 7541.222222 7541.222222 7541.222222 7905.210190 7985.094194 8028.889281 -148.974328   -80.232469      -68.741860  NaN 24.077961 37.463510 28.162852   27.456685 -14258551 7466.818675
2024-07-01 7201.0  3740865 7507.200000 7507.200000 7507.200000 7877.594104 7969.567576 8020.651577 -167.064501   -97.598875      -69.465626  NaN 23.934426 36.814791 34.278670   28.708058 -17999416 7443.449646
2024-07-08 6908.0  5395571 7452.727273 7452.727273 7452.727273 7839.570806 7948.546436 8009.580417 -194.958475  -117.070795      -77.887680  NaN 20.375539 17.807331 31.370709   29.671831 -23394987 7383.194769
2024-07-15 6913.0  3484646 7407.750000 7407.750000 7407.750000 7803.234696 7928.040566 7998.669169 -218.852662  -137.427169      -81.425493  NaN 20.577069 18.131690 27.888420   29.445874 -19910341 7351.337848
2024-07-22 6890.0  3919236 7367.923077 7367.923077 7367.923077 7767.421571 7907.485307 7987.637635 -240.317168  -158.005168      -82.311999  NaN 20.340255 16.639637 25.371392   29.414409 -23829577 7318.672004
2024-07-29 6591.0  5335711 7312.428571 7312.428571 7312.428571 7721.287391 7881.416291 7973.740743 -271.230825  -180.650300      -90.580526  NaN 17.693145  0.876095 18.053909   27.392620 -29165288 7254.693613
2024-08-05 6408.5  5711183 7252.166667 7252.166667 7252.166667 7669.805533 7852.249632 7958.166208 -305.492559  -205.618752      -99.873808  NaN 16.391129  3.916236 11.474198   22.831725 -34876471 7181.908837
2024-08-12 6239.5  4598987 7188.875000 7188.875000 7188.875000 7613.715120 7820.313996 7941.065052 -342.044290  -232.903859     -109.140431  NaN 15.345413  0.667180  8.046168   18.166817 -39475458 7120.862254
2024-08-19 6428.0 10130963 7144.117647 7144.117647 7144.117647 7567.216488 7792.743421 7926.009678 -365.403538  -259.403795     -105.999743  NaN 20.969163 17.788235  7.977477   14.184628 -29344495 7034.340182
2024-08-26 6145.0  7676312 7088.611111 7088.611111 7088.611111 7511.443292 7760.114839 7908.288189 -396.940733  -286.911183     -110.029550  NaN 19.067457  4.470588  5.543667   10.219083 -37020807 6957.464935
2024-09-02 6332.0  7503898 7048.789474 7048.789474 7048.789474 7465.190614 7731.835337 7892.603729 -415.758369  -312.680620     -103.077749  NaN 23.643235 13.656594  8.099767    8.228255 -29516909 6908.731545
2024-09-09 6624.5  5771680 7027.575000 7027.575000 7027.575000 7432.222355 7709.907905 7879.985782 -418.799918  -333.904479      -84.895438  NaN 29.847222 27.360037 12.788527    8.491121 -23745229 6892.660861
2024-09-16 6897.5  5361711 7021.380952 7021.380952 7021.380952 7411.252851 7693.820619 7870.209804 -408.690135  -348.861611      -59.828524  NaN 34.792151 40.149918 20.685075   11.018902 -18383518 6892.902351
2024-09-23 6914.5  4137042 7016.522727 7016.522727 7016.522727 7391.772347 7678.388528 7860.700254 -397.787844  -358.646857      -39.140987  NaN 35.077121 42.665365 25.660501   14.555507 -14246476 6893.703135
2024-09-30 7009.0  5408991 7016.195652 7016.195652 7016.195652 7376.761666 7665.133310 7852.225624 -382.941399  -363.505766      -19.435634  NaN 40.276052 51.040843 34.974552   20.441684  -8837485 6899.033953
2024-10-07 6837.0  5430620 7008.729167 7008.729167 7008.729167 7355.594542 7648.734630 7842.123877 -375.911479  -365.986908       -9.924570  NaN 36.074997 41.976285 40.638490   26.949429 -14268105 6896.282052
2024-10-14 6963.0  4724632 7006.900000 7006.900000 7006.900000 7340.198678 7635.155727 7833.376375 -363.227899  -365.435106        2.207207  NaN 39.615912 53.963147 45.959112   33.583546  -9543473 6898.761293
2024-10-21 6750.5  5483768 6997.038462 6997.038462 6997.038462 7317.073239 7617.637791 7822.601486 -359.883936  -364.324872        4.440936  NaN 41.339823 45.556625 47.040453   38.854621 -15027241 6892.631073
2024-10-28 6842.0  6566904 6991.296296 6991.296296 6991.296296 7298.442916 7602.278627 7812.844257 -351.969971  -361.853892        9.883921  NaN 40.625906 54.045853 49.316551   43.585831  -8460337 6890.242389
2024-11-04 7172.0  3467881 6997.750000 6997.750000 6997.750000 7293.484371 7593.758258 7806.467698 -329.954151  -355.473944       25.519793  NaN 47.322404 83.814815 55.871345   47.765190  -4992456 6897.091485
2024-11-11 7021.0  4365635 6998.551724 6998.551724 6998.551724 7282.798709 7582.416511 7798.652099 -315.849719  -347.549099       31.699380  NaN 49.106890 74.421252 62.360338   52.109560  -9358091 6900.770667
2024-11-18 6940.0  3994395 6996.600000 6996.600000 6996.600000 7269.355622 7569.695392 7790.108297 -305.833192  -339.205918       33.372726  NaN 46.107440 68.273245 65.222358   55.962209 -13352486 6901.808251
2024-11-25 6860.5  5837604 6992.209677 6992.209677 6992.209677 7253.322069 7555.651919 7780.858463 -299.402461  -331.245226       31.842765  NaN 45.204901 67.517497 69.614532   60.477025 -19190090 6900.270940
2024-12-02 6860.0  4797834 6988.078125 6988.078125 6988.078125 7237.897674 7541.876633 7771.695692 -292.826719  -323.561525       30.734806  NaN 49.263352 68.606111 72.526584   65.119032 -23987924 6899.075734
2024-12-09 6800.0  3446911 6982.378788 6982.378788 6982.378788 7220.725216 7527.186007 7762.027078 -288.657171  -316.580654       27.923483  NaN 48.294597 63.583089 68.480239   67.640810 -27434835 6897.007306
2024-12-16 6725.0  7338939 6974.808824 6974.808824 6974.808824 7201.285011 7511.301135 7751.708401 -287.264334  -310.717390       23.453056  NaN 47.548291 57.304311 65.056851   68.180113 -34773774 6889.686899
2024-12-23 6998.0  4728839 6975.471429 6975.471429 6975.471429 7193.313050 7501.136756 7744.208815 -273.625952  -303.299102       29.673150  NaN 56.094639 80.159062 67.434014   68.622444 -30044935 6892.577855
2024-12-30 7122.0  1036982 6979.541667 6979.541667 6979.541667 7190.516460 7493.629098 7738.017682 -255.485330  -293.736348       38.251018  NaN 60.874867 88.683887 71.667292   69.032996 -29007953 6893.912845
2025-01-06 7022.5  2705379 6980.702703 6980.702703 6980.702703 7183.927579 7484.299809 7730.898103 -242.859751  -283.561029       40.701277  NaN 62.192463 80.524805 74.051031   69.337885 -31713332 6895.835731
2025-01-13 7342.0  3158127 6990.210526 6990.210526 6990.210526 7190.126498 7481.481991 7727.028471 -217.445983  -270.338019       52.892036  NaN 63.674446 99.770027 81.288419   71.899521 -28555205 6903.490578
2025-01-20 7199.5  2626428 6995.576923 6995.576923 6995.576923 7190.494086 7475.898189 7721.779431 -200.313806  -256.333177       56.019370  NaN 66.468843 85.251931 86.877942   76.263740 -31181633 6907.654764
2025-01-27 7171.0  2435745 6999.962500 6999.962500 6999.962500 7189.729612 7469.860601 7716.299039 -185.746789  -242.215899       56.469110  NaN 63.785738 80.292599 86.904650   80.157867 -33617378 6911.046228
2025-02-03 7148.0  2107754 7003.573171 7003.573171 7003.573171 7188.093157 7463.487124 7710.644322 -173.262186  -228.425157       55.162971  NaN 59.437534 78.313253 84.830523   82.790513 -35725132 6913.657789
2025-02-10 7492.5  6884685 7015.214286 7015.214286 7015.214286 7200.030680 7464.061636 7708.473732 -147.126723  -212.165470       65.038747  NaN 60.456942 71.952968 83.116156   84.603538 -28840447 6933.771921
2025-02-17 7709.5  3783419 7031.360465 7031.360465 7031.360465 7220.009869 7468.921802 7708.483943 -114.373965  -192.607169       78.233204  NaN 63.054187 84.399197 80.041990   84.354252 -25057028 6948.307619
2025-02-24 7531.0  3738515 7042.715909 7042.715909 7042.715909 7232.205560 7470.151073 7706.717934  -92.577376  -172.601210       80.023835  NaN 58.341323 74.161170 77.823837   82.543431 -28795543 6958.900465
2025-03-03 7225.0  5391956 7046.766667 7046.766667 7046.766667 7231.922989 7465.296596 7701.924721  -85.934577  -155.267884       69.333307  NaN 55.945449 56.610267 73.087371   79.779975 -34187499 6965.699143
2025-03-10 7209.5  3117294 7050.304348 7050.304348 7050.304348 7231.043656 7460.231317 7697.024972  -80.449488  -140.304205       59.854716  NaN 53.909596 55.721250 68.568970   76.527665 -37304793 6969.247922
2025-03-17 7346.5  4589580 7056.606383 7056.606383 7056.606383 7235.571356 7457.979212 7693.537161  -69.560578  -126.155479       56.594901  NaN 59.684758 63.579008 66.894178   73.283269 -32715213 6977.163117
2025-03-24 6853.0  4219385 7052.364583 7052.364583 7052.364583 7220.568558 7445.999426 7685.173608  -80.568175  -117.038018       36.469844  NaN 50.158091 35.273874 57.069114   68.688694 -36934598 6974.813476
2025-03-31 6587.5  5807589 7042.877551 7042.877551 7042.877551 7195.742340 7428.999437 7674.251482 -101.290921  -113.888599       12.597678  NaN 41.440914 20.045885 46.246057   62.373138 -42742187 6964.981269
2025-04-07 6562.0  7420645 7033.260000 7033.260000 7033.260000 7170.889699 7411.831131 7663.184303 -120.408368  -115.192553       -5.215815  NaN 43.022195 24.151750 39.754353   55.706535 -50162832 6952.320628
2025-04-14 6629.5  2880567 7004.340000 7025.343137 7025.343137 7149.658731 7396.339426 7652.898887 -134.116392  -118.977320      -15.139071  NaN 45.260266 27.758483 34.161800   48.825100 -47282265 6948.431037
2025-04-21 6750.5  2436530 6985.080000 7020.057692 7020.057692 7134.005447 7383.550526 7643.919794 -140.733031  -123.328462      -17.404568  NaN 48.341875 34.223885 28.290775   41.104420 -44845735 6946.434182

Финансовые показатели МСФО:
                               Unnamed: 0  2000  2001  2002  2003  2004  2005  2006  2007  2008  2009    2010    2011    2012    2013       2014       2015       2016       2017       2018       2019       2020       2021       2022       2023       2024        LTM
                              Дата отчета   NaN   NaN   NaN   NaN   NaN   NaN   NaN   NaN   NaN   NaN     NaN     NaN     NaN     NaN 05.03.2022 30.03.2020 27.04.2018 24.04.2018 04.03.2019 10.03.2020 10.03.2021 02.03.2022 27.05.2023 12.03.2024 24.03.2025 24.03.2025
                            Валюта отчета   RUB   RUB   RUB   RUB   RUB   RUB   RUB   RUB   RUB   RUB     RUB     RUB     RUB     RUB        RUB        RUB        RUB        RUB        RUB        RUB        RUB        RUB        RUB        RUB        RUB        RUB
                      Добыча нефти, млн т   NaN   NaN   NaN   NaN   NaN   NaN   NaN   NaN   NaN   NaN     NaN    90.9    89.9    90.8       97.2      100.7       92.0       87.2       87.1       87.5       80.1       81.1       85.0       82.6        NaN        NaN
                 Переработка нефти, млн т   NaN   NaN   NaN   NaN   NaN   NaN   NaN   NaN   NaN   NaN     NaN     NaN    63.8    64.2       64.1       64.5       66.1       67.2       67.3       68.7       58.6       63.0       70.1       60.7        NaN        NaN
                     Добыча газа, млрд м3   NaN   NaN   NaN   NaN   NaN   NaN   NaN   NaN   NaN   NaN     NaN     NaN    19.4    20.4       26.1       20.3       20.3       28.8       33.5       35.0       29.0       32.2       34.6       35.2        NaN        NaN
                        Выручка, млрд руб   NaN   NaN   NaN   NaN   NaN   NaN   NaN   NaN 3 164 2 453   3 199   4 317   4 327   4 505      5 505      5 749      5 227      5 937      8 036      7 841      5 639      9 431        NaN      7 928      8 622      8 622
           Операционная прибыль, млрд руб   NaN   NaN   NaN   NaN   NaN   NaN   NaN   NaN   NaN   NaN     NaN     NaN     NaN     NaN      412.3      465.7      419.1      506.5      771.7      821.1      281.7      978.9        NaN      1 428      1 192      1 192
                         EBITDA, млрд руб   NaN   NaN   NaN   NaN   NaN   NaN   NaN   NaN 464.2 408.3   489.1   601.0   518.2   613.3      798.0      769.0      730.7      831.6      1 115      1 236      687.0      1 404        NaN      2 005      1 785      1 785
                 Чистая прибыль, млрд руб   NaN   NaN   NaN   NaN   NaN   NaN   NaN   NaN 267.4 211.7   274.3   334.5   342.1   327.5      395.5      291.1      303.8      399.4      619.2      640.2       15.2      773.4      790.0      1 155      848.5      848.5
             Чистая прибыль н/с, млрд руб   NaN   NaN   NaN   NaN   NaN   NaN   NaN   NaN   NaN   NaN     NaN     NaN     NaN     NaN        NaN        NaN      206.8      418.8        NaN        NaN        NaN        NaN        NaN        NaN        NaN        NaN
    Операционный денежный поток, млрд руб   NaN   NaN   NaN   NaN   NaN   NaN   NaN   NaN   NaN   NaN     NaN     NaN     NaN     NaN      651.4      849.0      752.3      758.5      1 007      1 152      776.6      1 127        NaN      1 824      1 788      1 788
                          CAPEX, млрд руб   NaN   NaN   NaN   NaN   NaN   NaN   NaN   NaN   NaN   NaN   208.6   274.3   368.4   491.6      611.0      607.0      497.1      511.5      451.5      450.0      495.0      433.0        NaN      720.0      780.0      780.0
                            FCF, млрд руб   NaN   NaN   NaN   NaN   NaN   NaN   NaN   NaN 110.9  72.6   210.3   233.9   199.9    20.5       72.0      248.0      255.1      247.0      555.1      701.9      281.0      693.6        NaN      964.0      979.0      979.0
                    Див.выплата, млрд руб  6.80  12.8  17.0  20.4  23.8  28.1  32.3  35.7  42.5  44.2    50.2    63.8    76.6    93.6      131.0      151.2      165.9      182.9      187.5      380.0      169.0      571.2      451.3      635.7      722.8      722.8
                      Дивиденд, руб/акцию     8    15    20    24    28    33    38    42    50    52      59      75      90     110        154        177        195        215        250        542        259        877        694        945       1055       1055
                         Див доход, ао, %  3.1%  4.1%  4.1%  3.5%  3.4%  1.9%  1.7%  2.0%  5.2%  3.1%    3.4%    4.4%    4.5%    5.4%       6.9%       7.5%       5.7%       6.4%       5.0%       8.8%       5.0%      13.4%      17.0%      14.0%      14.6%      15.6%
                     Дивиденды/прибыль, %   NaN   NaN   NaN   NaN   NaN   NaN   NaN   NaN   16%   21%     18%     19%     22%     29%        33%        52%        55%        46%        30%        59%     1 112%        74%        57%        55%        85%        85%
                  Опер. расходы, млрд руб   NaN   NaN   NaN   NaN   NaN   NaN   NaN   NaN   NaN   NaN   252.9   292.5   291.0   321.2      368.5      446.7      456.4      456.8      464.5      457.7      440.0      509.0        NaN      647.0      671.0      671.0
                    Амортизация, млрд руб   NaN   NaN   NaN   NaN   NaN   NaN   NaN   NaN   NaN   NaN     NaN     NaN     NaN     NaN        NaN        NaN        NaN        NaN        NaN        NaN        NaN        NaN        NaN      577.0      593.0      593.0
               Расх на персонал, млрд руб   NaN   NaN   NaN   NaN   NaN   NaN   NaN   NaN   NaN   NaN     NaN     NaN     NaN     NaN      133.9      158.3      185.3      164.4      199.5      208.4      223.0      235.5        NaN      360.0      366.0      366.0
             Процентные расходы, млрд руб   NaN   NaN   NaN   NaN   NaN   NaN   NaN   NaN   NaN   NaN    21.9    22.1    15.5    12.9       22.9       41.4       49.7       38.9       39.9       41.6       39.1       30.8        NaN       24.7       26.7       26.7
                         Активы, млрд руб   NaN   NaN   NaN   NaN   NaN   NaN   NaN   NaN   NaN   NaN     NaN     NaN     NaN     NaN      4 739      5 021      5 015      5 226      5 732      5 947      5 992      6 865        NaN      8 600      9 283      9 283
                  Чистые активы, млрд руб   NaN   NaN   NaN   NaN   NaN   NaN   NaN   NaN   NaN   NaN   1 804   2 185   2 223   2 655      4 564      3 231      3 221      3 483      4 066      3 965      4 123      4 515        NaN      6 384      6 826      6 826
                           Долг, млрд руб   NaN   NaN   NaN   NaN   NaN   NaN   NaN   NaN   NaN   NaN   341.3   293.9   200.4   353.5      756.0      859.0      698.6      616.4      535.0      553.2      659.7      758.0        NaN      396.0      380.0      380.0
                     Наличность, млрд руб   NaN   NaN   NaN   NaN   NaN   NaN   NaN   NaN   NaN   NaN    73.1    88.9    88.5    56.0      169.0      257.0      261.4      330.4      492.7      516.0      343.8      677.5        NaN      1 180      1 526      1 526
                    Чистый долг, млрд руб  0.00  0.00  0.00  0.00  0.00  0.00  0.00  0.00  0.00  0.00   268.2   205.0   111.9   297.5      587.0      602.0      437.2      286.0       42.4       37.2      315.9       80.5       0.00     -784.0     -1 146     -1 146
                       Цена акции ао, руб 260.6 369.1 489.8 677.0 833.0 1 705 2 283 2 067 961.6 1 693   1 742   1 703   2 000   2 040      2 225      2 346      3 449      3 335      4 997      6 169      5 183      6 559      4 071      6 761      7 241      6 754
                      Число акций ао, млн 850.6 850.6 850.6 850.6 850.6 850.6 850.6 850.6 850.6 850.6   850.6   850.6   850.6   850.6      850.6      850.6      850.6      850.6      750.0      652.9      652.5      650.3      692.9      692.9      677.7      677.7
                  Капитализация, млрд руб 221.7 314.0 416.6 575.8 708.5 1 450 1 942 1 758 817.9 1 440   1 482   1 448   1 701   1 735      1 893      1 995      2 934      2 836      3 748      4 028      3 382      4 265      2 820      4 684      4 907      4 577
                             EV, млрд руб 221.7 314.0 416.6 575.8 708.5 1 450 1 942 1 758 817.9 1 440   1 750   1 653   1 813   2 033      2 480      2 597      3 371      3 122      3 790      4 065      3 698      4 346      2 820      3 900      3 761      3 431
               Баланс стоимость, млрд руб  0.00  0.00  0.00  0.00  0.00  0.00  0.00  0.00  0.00  0.00   1 760   2 141   2 164   2 613      4 497      3 179      3 178      3 442      4 024      3 922      4 073      4 471       0.00      6 307      6 731      6 731
                                 EPS, руб  0.00  0.00  0.00  0.00  0.00  0.00  0.00  0.00 314.3 248.9   322.5   393.3   402.2   385.0      465.0      342.3      357.2      469.6      825.6      980.5       23.3      1 189      1 140      1 667      1 252      1 252
                           FCF/акцию, руб  0.00  0.00  0.00  0.00  0.00  0.00  0.00  0.00 130.4  85.3   247.2   274.9   235.0    24.1       84.6      291.6      299.9      290.4      740.1      1 075      430.7      1 067       0.00      1 391      1 445      1 445
                            BV/акцию, руб  0.00  0.00  0.00  0.00  0.00  0.00  0.00  0.00  0.00  0.00   2 069   2 517   2 544   3 072      5 287      3 738      3 736      4 046      5 366      6 007      6 242      6 874       0.00      9 103      9 933      9 933
                         Рентаб EBITDA, %   NaN   NaN   NaN   NaN   NaN   NaN   NaN   NaN 14.7% 16.6%   15.3%   13.9%   12.0%   13.6%      14.5%      13.4%      14.0%      14.0%      13.9%      15.8%      12.2%      14.9%        NaN      25.3%      20.7%      20.7%
                         Чистая рентаб, %   NaN   NaN   NaN   NaN   NaN   NaN   NaN   NaN  8.4%  8.6%    8.6%    7.7%    7.9%    7.3%       7.2%       5.1%       5.8%       6.7%       7.7%       8.2%       0.3%       8.2%        NaN      14.6%       9.8%       9.8%
                        Доходность FCF, %  0.0%  0.0%  0.0%  0.0%  0.0%  0.0%  0.0%  0.0% 13.6%  5.0%   14.2%   16.1%   11.7%    1.2%       3.8%      12.4%       8.7%       8.7%      14.8%      17.4%       8.3%      16.3%       0.0%      20.6%      20.0%      21.4%
                                   ROE, %   NaN   NaN   NaN   NaN   NaN   NaN   NaN   NaN   NaN   NaN   15.2%   15.3%   15.4%   12.3%       8.7%       9.0%       9.4%      11.5%      15.2%      16.1%       0.4%      17.1%        NaN      18.1%      12.4%      12.4%
                                   ROA, %   NaN   NaN   NaN   NaN   NaN   NaN   NaN   NaN   NaN   NaN     NaN     NaN     NaN     NaN       8.3%       5.8%       6.1%       7.6%      10.8%      10.8%       0.3%      11.3%        NaN      13.4%       9.1%       9.1%
                                      P/E   NaN   NaN   NaN   NaN   NaN   NaN   NaN   NaN  3.06  6.80    5.40    4.33    4.97    5.30       4.78       6.85       9.66       7.10       6.05       6.29      222.5       5.51       3.57       4.06       5.78       5.39
                                    P/FCF   NaN   NaN   NaN   NaN   NaN   NaN   NaN   NaN  7.37  19.8    7.05    6.19    8.51    84.7       26.3       8.05       11.5       11.5       6.75       5.74       12.0       6.15        NaN       4.86       5.01       4.68
                                      P/S   NaN   NaN   NaN   NaN   NaN   NaN   NaN   NaN  0.26  0.59    0.46    0.34    0.39    0.39       0.34       0.35       0.56       0.48       0.47       0.51       0.60       0.45        NaN       0.59       0.57       0.53
                                     P/BV   NaN   NaN   NaN   NaN   NaN   NaN   NaN   NaN   NaN   NaN    0.84    0.68    0.79    0.66       0.42       0.63       0.92       0.82       0.93       1.03       0.83       0.95        NaN       0.74       0.73       0.68
                                EV/EBITDA   NaN   NaN   NaN   NaN   NaN   NaN   NaN   NaN  1.76  3.53    3.58    2.75    3.50    3.31       3.11       3.38       4.61       3.75       3.40       3.29       5.38       3.10        NaN       1.95       2.11       1.92
                              Долг/EBITDA   NaN   NaN   NaN   NaN   NaN   NaN   NaN   NaN  0.00  0.00    0.55    0.34    0.22    0.49       0.74       0.78       0.60       0.34       0.04       0.03       0.46       0.06        NaN      -0.39      -0.64      -0.64
                            Персонал, чел   NaN   NaN   NaN   NaN   NaN   NaN   NaN   NaN   NaN   NaN 130 000 120 300 112 000 109 600    110 300    106 200    105 500    103 600    102 500    101 800    100 800        NaN        NaN        NaN        NaN        NaN
Производительность труда, млн руб/чел/год   NaN   NaN   NaN   NaN   NaN   NaN   NaN   NaN   NaN   NaN    24.6    35.9    38.6    41.1       49.9       54.1       49.5       57.3       78.4       77.0       55.9        NaN        NaN        NaN        NaN        NaN
                   Расходы/чел/год, тыс.р   NaN   NaN   NaN   NaN   NaN   NaN   NaN   NaN   NaN   NaN    0.00    0.00    0.00    0.00      1 214      1 491      1 756      1 587      1 946      2 047      2 212        NaN        NaN        NaN        NaN        NaN
                             R&D/CAPEX, %   NaN   NaN   NaN   NaN   NaN   NaN   NaN   NaN   NaN   NaN   0.00%   0.00%   0.00%   0.00%      0.00%      0.00%      0.00%      0.00%      0.00%      0.00%      0.00%      0.00%        NaN      0.00%      0.00%          0
                         CAPEX/Выручка, %   NaN   NaN   NaN   NaN   NaN   NaN   NaN   NaN    0%    0%      7%      6%      9%     11%        11%        11%        10%         9%         6%         6%         9%         5%        NaN         9%         9%         9%
                               IR рейтинг   NaN   NaN   NaN   NaN   NaN   NaN   NaN   NaN   NaN   NaN     NaN     NaN     NaN     NaN        NaN        NaN        NaN        NaN        NaN        NaN        NaN        3.6        2.4        2.4        2.4        2.4
                  Качество фин.отчетности   NaN   NaN   NaN   NaN   NaN   NaN   NaN   NaN   NaN   NaN     NaN     NaN     NaN     NaN        NaN        NaN        NaN        NaN        NaN        NaN        NaN          5          1          1          1          1
               Презентации для инвесторов   NaN   NaN   NaN   NaN   NaN   NaN   NaN   NaN   NaN   NaN     NaN     NaN     NaN     NaN        NaN        NaN        NaN        NaN        NaN        NaN        NaN          5          1          1          1          1
                 Присутствие на смартлабе   NaN   NaN   NaN   NaN   NaN   NaN   NaN   NaN   NaN   NaN     NaN     NaN     NaN     NaN        NaN        NaN        NaN        NaN        NaN        NaN        NaN          1          1          1          1          1
                            Годовой отчет   NaN   NaN   NaN   NaN   NaN   NaN   NaN   NaN   NaN   NaN     NaN     NaN     NaN     NaN        NaN        NaN        NaN        NaN        NaN        NaN        NaN          5          5          5          5          5
                      Сайт для инвесторов   NaN   NaN   NaN   NaN   NaN   NaN   NaN   NaN   NaN   NaN     NaN     NaN     NaN     NaN        NaN        NaN        NaN        NaN        NaN        NaN        NaN          5          5          5          5          5
                     Календарь инвесторов   NaN   NaN   NaN   NaN   NaN   NaN   NaN   NaN   NaN   NaN     NaN     NaN     NaN     NaN        NaN        NaN        NaN        NaN        NaN        NaN        NaN          3          3          3          3          3
                           Обратная связь   NaN   NaN   NaN   NaN   NaN   NaN   NaN   NaN   NaN   NaN     NaN     NaN     NaN     NaN        NaN        NaN        NaN        NaN        NaN        NaN        NaN          1          1          1          1          1

Помесячные макроэкономические данные России (за 2024-2025):
      Дата Инфляция (CPI, %, год к году) Ключевая ставка (%) Уровень безработицы (%) Обменный курс USD/RUB (ср. за месяц)
2024-01-01                           7.5                16.0                     2.8                                 88.9
2024-02-01                           7.7                16.0                     2.7                                 90.7
2024-03-01                           7.7                16.0                     2.7                                 91.8
2024-04-01                           7.8                16.0                     2.6                                 92.5
2024-05-01                           8.1                16.0                     2.6                                 91.6
2024-06-01                           8.3                18.0                     2.5                                 88.8
2024-07-01                           8.5                18.0                     2.5                                 86.6
2024-08-01                           8.6                19.0                     2.5                                 91.5
2024-09-01                           8.5                19.0                     2.5                                 92.5
2024-10-01                           8.8                19.0                     2.5                                 95.5
2024-11-01                           9.1                19.0                     2.5                                 97.5
2024-12-01                           9.5                21.0                     2.4                                104.2
2025-01-01                           9.9                21.0                     2.3                                 98.0
2025-02-01                          10.1                21.0                     2.4                                 91.0
2025-03-01                           9.9                21.0                     2.5                                 85.0

Годовые макроэкономические данные России (за 2024-2025):
 Год Рост ВВП (%) Инфляция (CPI, %, дек к дек) Уровень безработицы (%) Ключевая ставка (%) Торговый баланс (млрд USD) Бюджетный дефицит (% ВВП)  MOEX (конец года) Обменный курс USD/RUB (ср. за год)  Индекс доверия потребителей (%)
2024          3.6                          9.5                     2.4                21.0                       70.0                       1.7               3500                              104.2                               45
2025          1.5                          7.5                     2.4                21.0                       70.0                       0.6               4000                               90.0                               50

Индикаторы:
- SMA: 50, 100, 200
- EMA: 50, 100, 200
- MACD: (24, 52, 9)
- ADX: 20
- RSI: 21
- Stochastic: (21, 5, 5)
- OBV, VWAP

Задача:
1. Проанализируй исторические данные и индикаторы:
   - Оцени тренд (ADX), перекупленность/перепроданность (RSI, Stochastic), импульс (MACD).
   - Учти потоки капитала (OBV) и справедливую цену (VWAP).
2. Сравни динамику цены и индикаторов с ключевыми финансовыми показателями (Чистая прибыль, Активы, EV/EBITDA).
3. Учти макроэкономические факторы (Инфляция, Ключевая ставка, Обменный курс USD/RUB).
4. Сформируй прогноз движения цены на 1-3 месяца:
   - Укажи направление (рост, падение, боковик).
   - Дай вероятность (в %) для основного сценария.
   - Предложи ключевые уровни поддержки и сопротивления.
5. Дай рекомендацию по действиям с акцией на основе всех данных (исторических, финансовых, макроэкономических): 
   - Выбери одно из: Активно продавать, Продавать, Держать, Покупать, Активно покупать.
6. Дай отдельную рекомендацию по действиям с акцией на основе наиболее важных индикаторов (ADX, RSI, MACD, Stochastic), обосновав выбор.
7. Верни результат в формате:
   - "Прогноз: [направление] (вероятность X%)"
   - "Поддержка: [уровень], Сопротивление: [уровень]"
   - "Рекомендация (все данные): [действие]"
   - "Рекомендация (индикаторы): [действие] — [обоснование]"
   - "Комментарий: [краткое обоснование с учётом индикаторов, финансов и макроэкономики]"
   Раздели строки переносом.

Правила:
- Опирайся только на предоставленные данные.
- Ограничь ответ 500 токенов, но входной промпт может быть до 50,000 токенов для поддержки размышлений.
